ESP-ROM:esp32s3-20210327
Build:Mar 27 2021
rst:0x1 (POWERON),boot:0x8 (SPI_FAST_FLASH_BOOT)
SPIWP:0xee
mode:DIO, clock div:1
load:0x3fce2810,len:0x1564
load:0x403c8700,len:0x4
load:0x403c8704,len:0xd24
load:0x403cb700,len:0x2ed4
entry 0x403c8928
[0;32mI (27) boot: ESP-IDF v5.4.2 2nd stage bootloader[0m
[0;32mI (27) boot: compile time May  7 2026 17:56:07[0m
[0;32mI (27) boot: Multicore bootloader[0m
[0;32mI (27) boot: chip revision: v0.2[0m
[0;32mI (30) boot: efuse block revision: v1.3[0m
[0;32mI (33) boot.esp32s3: Boot SPI Speed : 80MHz[0m
[0;32mI (37) boot.esp32s3: SPI Mode       : DIO[0m
[0;32mI (41) boot.esp32s3: SPI Flash Size : 2MB[0m
[0;32mI (45) boot: Enabling RNG early entropy source...[0m
[0;32mI (49) boot: Partition Table:[0m
[0;32mI (52) boot: ## Label            Usage          Type ST Offset   Length[0m
[0;32mI (58) boot:  0 nvs              WiFi data        01 02 00009000 00006000[0m
[0;32mI (65) boot:  1 phy_init         RF data          01 01 0000f000 00001000[0m
[0;32mI (71) boot:  2 factory          factory app      00 00 00010000 00100000[0m
[0;32mI (78) boot: End of partition table[0m
[0;32mI (81) esp_image: segment 0: paddr=00010020 vaddr=3c020020 size=0b878h ( 47224) map[0m
[0;32mI (97) esp_image: segment 1: paddr=0001b8a0 vaddr=3fc92a00 size=02a38h ( 10808) load[0m
[0;32mI (99) esp_image: segment 2: paddr=0001e2e0 vaddr=40374000 size=01d38h (  7480) load[0m
[0;32mI (105) esp_image: segment 3: paddr=00020020 vaddr=42000020 size=1b54ch (111948) map[0m
[0;32mI (131) esp_image: segment 4: paddr=0003b574 vaddr=40375d38 size=0cc00h ( 52224) load[0m
[0;32mI (142) esp_image: segment 5: paddr=0004817c vaddr=600fe000 size=0001ch (    28) load[0m
[0;32mI (148) boot: Loaded app from partition at offset 0x10000[0m
[0;32mI (148) boot: Disabling RNG early entropy source...[0m
[0;32mI (160) cpu_start: Multicore app[0m
[0;32mI (169) cpu_start: Pro cpu start user code[0m
[0;32mI (169) cpu_start: cpu freq: 160000000 Hz[0m
[0;32mI (169) app_init: Application information:[0m
[0;32mI (169) app_init: Project name:     esp32_wire_scan[0m
[0;32mI (174) app_init: App version:      1[0m
[0;32mI (177) app_init: Compile time:     May  7 2026 17:54:44[0m
[0;32mI (182) app_init: ELF file SHA256:  e3780c802...[0m
[0;32mI (186) app_init: ESP-IDF:          v5.4.2[0m
[0;32mI (190) efuse_init: Min chip rev:     v0.0[0m
[0;32mI (194) efuse_init: Max chip rev:     v0.99 [0m
[0;32mI (198) efuse_init: Chip rev:         v0.2[0m
[0;32mI (202) heap_init: Initializing. RAM available for dynamic allocation:[0m
[0;32mI (208) heap_init: At 3FC95D28 len 000539E8 (334 KiB): RAM[0m
[0;32mI (213) heap_init: At 3FCE9710 len 00005724 (21 KiB): RAM[0m
[0;32mI (218) heap_init: At 3FCF0000 len 00008000 (32 KiB): DRAM[0m
[0;32mI (224) heap_init: At 600FE01C len 00001FCC (7 KiB): RTCRAM[0m
[0;32mI (230) spi_flash: detected chip: gd[0m
[0;32mI (232) spi_flash: flash io: dio[0m
[0;33mW (235) spi_flash: Detected size(16384k) larger than the size in the binary image header(2048k). Using the size in the binary image header.[0m
[0;32mI (248) sleep_gpio: Configure to isolate all GPIO pins in sleep state[0m
[0;32mI (254) sleep_gpio: Enable automatic switching of GPIO sleep configuration[0m
[0;32mI (261) main_task: Started on CPU0[0m
[0;32mI (280) main_task: Calling app_main()[0m
[1;31mE (281) i2c.master: I2C transaction unexpected nack detected[0m
[1;31mE (282) i2c.master: s_i2c_synchronous_transaction(945): I2C transaction failed[0m
[1;31mE (285) i2c.master: i2c_master_transmit_receive(1241): I2C transaction failed[0m
ESP_ERROR_CHECK failed: esp_err_t 0x103 (ESP_ERR_INVALID_STATE) at 0x4200a0cf
file: "./main/max30102_ppg.c" line 48
func: max30102_init
expression: reg_read(REG_PART_ID, &pid, 1)

abort() was called at PC 0x4037a05b on core 0


Backtrace: 0x40375a75:0x3fc98360 0x4037a065:0x3fc98380 0x403808b5:0x3fc983a0 0x4037a05b:0x3fc98410 0x4200a0cf:0x3fc98440 0x4200a27e:0x3fc98480 0x4201ad8b:0x3fc98610 0x4037aa9d:0x3fc98640




ELF file SHA256: e3780c802

Rebooting...
ESP-ROM:esp32s3-20210327
Build:Mar 27 2021
rst:0xc (RTC_SW_CPU_RST),boot:0x8 (SPI_FAST_FLASH_BOOT)
Saved PC:0x403759b4
SPIWP:0xee
mode:DIO, clock div:1
load:0x3fce2810,len:0x1564
load:0x403c8700,len:0x4
load:0x403c8704,len:0xd24
load:0x403cb700,len:0x2ed4
entry 0x403c8928
[0;32mI (31) boot: ESP-IDF v5.4.2 2nd stage bootloader[0m
[0;32mI (31) boot: compile time May  7 2026 17:56:07[0m
[0;32mI (31) boot: Multicore bootloader[0m
[0;32mI (31) boot: chip revision: v0.2[0m
[0;32mI (34) boot: efuse block revision: v1.3[0m
[0;32mI (38) boot.esp32s3: Boot SPI Speed : 80MHz[0m
[0;32mI (42) boot.esp32s3: SPI Mode       : DIO[0m
[0;32mI (45) boot.esp32s3: SPI Flash Size : 2MB[0m
[0;32mI (49) boot: Enabling RNG early entropy source...[0m
[0;32mI (54) boot: Partition Table:[0m
[0;32mI (56) boot: ## Label            Usage          Type ST Offset   Length[0m
[0;32mI (63) boot:  0 nvs              WiFi data        01 02 00009000 00006000[0m
[0;32mI (69) boot:  1 phy_init         RF data          01 01 0000f000 00001000[0m
[0;32mI (76) boot:  2 factory          factory app      00 00 00010000 00100000[0m
[0;32mI (82) boot: End of partition table[0m
[0;32mI (85) esp_image: segment 0: paddr=00010020 vaddr=3c020020 size=0b878h ( 47224) map[0m
[0;32mI (101) esp_image: segment 1: paddr=0001b8a0 vaddr=3fc92a00 size=02a38h ( 10808) load[0m
[0;32mI (104) esp_image: segment 2: paddr=0001e2e0 vaddr=40374000 size=01d38h (  7480) load[0m
[0;32mI (110) esp_image: segment 3: paddr=00020020 vaddr=42000020 size=1b54ch (111948) map[0m
[0;32mI (135) esp_image: segment 4: paddr=0003b574 vaddr=40375d38 size=0cc00h ( 52224) load[0m
[0;32mI (147) esp_image: segment 5: paddr=0004817c vaddr=600fe000 size=0001ch (    28) load[0m
[0;32mI (153) boot: Loaded app from partition at offset 0x10000[0m
[0;32mI (153) boot: Disabling RNG early entropy source...[0m
[0;32mI (164) cpu_start: Multicore app[0m
[0;32mI (174) cpu_start: Pro cpu start user code[0m
[0;32mI (174) cpu_start: cpu freq: 160000000 Hz[0m
[0;32mI (174) app_init: Application information:[0m
[0;32mI (174) app_init: Project name:     esp32_wire_scan[0m
[0;32mI (178) app_init: App version:      1[0m
[0;32mI (182) app_init: Compile time:     May  7 2026 17:54:44[0m
[0;32mI (187) app_init: ELF file SHA256:  e3780c802...[0m
[0;32mI (191) app_init: ESP-IDF:          v5.4.2[0m
[0;32mI (195) efuse_init: Min chip rev:     v0.0[0m
[0;32mI (199) efuse_init: Max chip rev:     v0.99 [0m
[0;32mI (203) efuse_init: Chip rev:         v0.2[0m
[0;32mI (207) heap_init: Initializing. RAM available for dynamic allocation:[0m
[0;32mI (213) heap_init: At 3FC95D28 len 000539E8 (334 KiB): RAM[0m
[0;32mI (218) heap_init: At 3FCE9710 len 00005724 (21 KiB): RAM[0m
[0;32mI (223) heap_init: At 3FCF0000 len 00008000 (32 KiB): DRAM[0m
[0;32mI (228) heap_init: At 600FE01C len 00001FCC (7 KiB): RTCRAM[0m
[0;32mI (235) spi_flash: detected chip: gd[0m
[0;32mI (237) spi_flash: flash io: dio[0m
[0;33mW (240) spi_flash: Detected size(16384k) larger than the size in the binary image header(2048k). Using the size in the binary image header.[0m
[0;32mI (252) sleep_gpio: Configure to isolate all GPIO pins in sleep state[0m
[0;32mI (259) sleep_gpio: Enable automatic switching of GPIO sleep configuration[0m
[0;32mI (265) main_task: Started on CPU0[0m
[0;32mI (284) main_task: Calling app_main()[0m
[0;32mI (286) ppg: Part ID: 0x15 (expected 0x15)[0m
[0;32mI (307) ppg: Streaming PPG at ~100 Hz. CSV columns: ir_raw,ir_ac,red_raw,bpm[0m
1007,966.7,693,0.0
1008,929.0,693,0.0
1008,891.9,693,0.0
1010,858.1,691,0.0
1010,823.8,694,0.0
1008,788.9,692,0.0
1006,755.4,692,0.0
1008,727.1,694,0.0
1008,698.0,692,0.0
1010,672.0,693,0.0
1007,642.3,692,0.0
1007,616.6,694,0.0
1008,592.9,693,0.0
1010,571.1,693,0.0
1007,545.4,693,0.0
1007,523.6,694,0.0
1007,502.6,695,0.0
1007,482.5,694,0.0
1010,466.1,694,0.0
1010,447.4,693,0.0
1008,427.6,691,0.0
1008,410.5,692,0.0
1008,394.1,691,0.0
1008,378.3,693,0.0
1009,364.2,692,0.0
1007,347.7,692,0.0
1006,332.8,693,0.0
1010,323.3,692,0.0
1007,307.5,691,0.0
1009,297.1,692,0.0
1008,284.3,693,0.0
1012,276.8,692,0.0
1010,263.8,693,0.0
1007,250.3,693,0.0
1008,241.3,690,0.0
1009,232.6,693,0.0
1008,222.3,693,0.0
1008,213.4,690,0.0
1008,204.9,690,0.0
1008,196.7,694,0.0
1008,188.8,694,0.0
1009,182.2,691,0.0
1007,173.0,691,0.0
1007,166.1,691,0.0
1008,160.4,690,0.0
1009,155.0,687,0.0
1009,148.8,689,0.0
1011,144.7,690,0.0
1011,139.0,690,0.0
1016,138.2,693,0.0
1020,136.5,695,0.0
1030,140.6,701,0.0
1047,151.3,709,0.0
1065,162.6,725,0.0
1070,160.9,728,0.0
1067,151.5,721,0.0
1060,138.8,714,0.0
1153,222.5,770,0.0
1361,413.3,913,0.0
1116,161.5,782,0.0
1056,97.5,723,0.0
1040,78.2,707,0.0
1035,70.3,701,0.0
1033,65.6,699,0.0
1035,64.9,698,0.0
1033,60.3,701,0.0
1030,55.1,698,0.0
1042,64.4,705,0.0
1037,57.0,700,0.0
1035,52.8,701,0.0
1027,43.0,693,0.0
1014,28.8,683,0.0
1008,21.9,668,0.0
1007,20.1,658,0.0
1007,19.3,653,0.0
1001,12.7,648,0.0
1003,14.1,646,0.0
1006,16.4,643,0.0
1013,22.5,649,0.0
1023,31.2,657,0.0
1112,115.4,714,0.0
1588,567.7,1002,0.0
2400,1324.6,1527,0.0
3084,1928.2,1975,0.0
4348,3064.5,2770,0.0
6214,4733.3,3916,0.0
7814,6080.0,4902,0.0
11046,8939.5,6849,0.0
14622,12014.9,9142,0.0
15183,12072.8,9630,0.0
16821,13162.4,10619,0.0
19748,15445.8,12361,0.0
26579,21385.8,16751,0.0
25890,19868.9,17133,0.0
28733,21803.4,18944,0.0
39770,31526.8,26322,0.0
40625,31086.5,26767,0.0
40388,29615.5,26688,0.0
50223,37872.5,34096,0.0
61303,46994.4,42768,0.0
66629,50227.6,48534,0.0
65772,47395.8,49591,0.0
67358,47022.5,51452,0.0
74246,51754.1,58417,0.0
79372,54604.9,63885,0.0
72544,45865.8,57196,0.0
75843,47198.2,59541,0.0
85331,54418.7,68349,0.0
87796,54608.4,70886,0.0
87728,52358.8,70194,0.0
88480,50986.3,70695,0.0
92343,52655.3,74300,0.0
97310,55317.4,79192,0.0
99681,55380.9,82154,0.0
98765,52286.3,81648,0.0
101088,52424.9,83936,0.0
103911,53038.0,87255,0.0
103384,50410.6,87598,0.0
102474,47520.6,86775,0.0
103461,46567.3,88037,0.0
103708,44941.7,88868,0.0
102277,41770.3,88264,0.0
102162,39989.0,88181,0.0
104281,40423.7,90243,0.0
105959,40417.6,91510,0.0
106226,39057.3,91374,0.0
105126,36439.0,89240,0.0
104955,34817.2,88083,0.0
103661,32182.3,86740,0.0
103670,30903.7,86640,0.0
103113,29132.8,86100,0.0
100743,25692.3,83498,0.0
100924,24838.3,82579,0.0
101451,24350.7,82374,0.0
101471,23395.9,82295,0.0
97079,18243.8,77904,0.0
98363,18746.6,78646,0.0
98845,18459.5,80185,0.0
100716,19517.3,82051,0.0
103006,20935.0,84322,0.0
101547,18696.9,82708,0.0
99278,15770.8,80335,0.0
99647,15494.2,80997,0.0
102177,17303.3,83879,0.0
104232,18583.9,86348,0.0
105467,19026.2,87666,0.0
106797,19541.9,89108,0.0
107759,19683.8,90423,0.0
108346,19459.9,91315,0.0
108813,19129.9,92009,0.0
109160,18697.8,92528,0.0
109429,18208.1,92928,0.0
109687,17727.5,93328,0.0
109857,17181.6,93627,0.0
109798,16437.7,93499,0.0
109036,15048.6,92068,0.0
108254,13696.0,90581,0.0
108281,13174.1,90550,0.0
108490,12847.7,90980,0.0
108576,12416.4,91316,0.0
108523,11868.8,91389,0.0
108512,11383.5,91414,0.0
108577,10990.6,91533,0.0
108484,10461.7,91463,0.0
108494,10052.8,91532,0.0
108663,9812.9,91867,0.0
108713,9468.4,92062,0.0
108659,9037.9,92145,0.0
108551,8572.7,92157,0.0
108337,8024.3,92049,0.0
107900,7283.8,91411,0.0
107287,6404.0,90327,0.0
106667,5552.6,89518,0.0
106465,5136.6,89461,0.0
106544,5007.0,89857,0.0
106562,4824.0,90145,0.0
106615,4681.9,90303,0.0
106591,4471.6,90269,0.0
106598,4299.4,90233,0.0
106530,4062.2,90166,0.0
106614,3980.3,90322,0.0
106718,3921.0,90543,0.0
106754,3798.7,90699,0.0
106697,3592.0,90750,0.0
106581,3337.0,90704,0.0
106559,3182.4,90477,0.0
106174,2685.5,89600,0.0
105804,2222.9,88889,0.0
105815,2144.5,88881,0.0
106025,2260.3,89275,0.0
106232,2368.6,89699,0.0
106374,2410.2,89993,0.0
106447,2383.9,90092,0.0
106353,2198.3,89989,0.0
106408,2163.2,90053,0.0
106586,2247.5,90324,0.0
106716,2282.4,90551,0.0
106950,2415.8,90899,0.0
107104,2467.0,91153,0.0
107282,2539.2,91433,0.0
107330,2483.7,91495,0.0
106915,1985.9,90624,0.0
106495,1503.3,89701,0.0
106394,1346.2,89461,0.0
106489,1383.6,89653,0.0
106685,1516.4,90016,0.0
106862,1625.6,90334,0.0
106912,1608.6,90435,0.0
106864,1498.2,90363,0.0
106815,1391.2,90294,0.0
106820,1340.4,90320,0.0
106868,1332.8,90435,0.0
106901,1311.2,90546,0.0
106937,1293.3,90638,0.0
107015,1316.5,90775,0.0
107065,1311.8,90885,0.0
106860,1062.5,90487,0.0
106384,563.1,89478,0.0
106025,195.9,88763,0.0
105963,128.6,88683,0.0
106106,260.7,88980,0.0
106243,381.8,89298,0.0
106323,443.3,89496,0.0
106294,397.7,89469,0.0
106277,365.5,89394,0.0
106307,379.7,89426,0.0
106356,411.6,89527,0.0
106363,401.8,89613,0.0
106415,435.7,89760,0.0
106473,473.9,89938,0.0
106516,496.2,90066,0.0
106652,606.9,90220,0.0
106456,394.5,89715,0.0
105983,-75.4,88702,0.0
105792,-255.7,88268,0.0
105818,-220.5,88366,0.0
105877,-155.1,88596,0.0
105996,-34.6,88892,0.0
106076,43.6,89022,0.0
106071,37.0,88956,0.0
106133,95.1,88970,0.0
106208,163.3,89076,0.0
106291,236.4,89214,0.0
106365,298.0,89356,0.0
106423,341.8,89489,0.0
106466,369.4,89619,0.0
106513,399.7,89725,0.0
106352,229.2,89342,0.0
105807,-303.2,88275,0.0
105547,-540.7,87718,0.0
105612,-456.6,87832,0.0
105746,-309.7,88119,0.0
105943,-108.2,88503,0.0
106062,10.3,88727,0.0
106058,6.1,88698,0.0
106015,-35.4,88610,0.0
106003,-45.5,88604,0.0
106006,-40.8,88663,0.0
106034,-12.3,88762,0.0
106123,73.6,88937,0.0
106177,122.5,89063,0.0
106264,201.1,89219,0.0
106326,252.6,89248,0.0
105858,-206.8,88305,0.0
105388,-649.7,87328,0.0
105358,-652.5,87190,0.0
105489,-500.7,87459,0.0
105674,-303.0,87833,0.0
105834,-137.3,88156,0.0
105854,-112.6,88204,0.0
105798,-161.9,88099,0.0
105798,-155.4,88078,0.0
105854,-95.4,88171,0.0
105947,-2.3,88346,0.0
105999,47.7,88473,0.0
106057,101.5,88611,0.0
106177,212.6,88811,0.0
106312,333.7,89033,0.0
106177,190.7,88755,0.0
105618,-353.5,87628,0.0
105266,-677.3,86895,0.0
105258,-657.9,86889,0.0
105429,-467.4,87236,0.0
105654,-232.7,87650,0.0
105766,-115.9,87879,0.0
105759,-118.0,87832,0.0
105741,-130.5,87773,0.0
105763,-104.2,87817,0.0
105799,-65.5,87921,0.0
105848,-15.8,88052,0.0
105902,36.7,88175,0.0
105951,82.2,88282,0.0
106046,170.1,88466,0.0
106151,264.1,88663,0.0
106053,159.5,88439,0.0
105528,-350.9,87330,0.0
105132,-717.0,86564,0.0
105087,-731.5,86528,0.0
105195,-598.6,86834,0.0
105361,-415.3,87220,0.0
105507,-258.5,87481,0.0
105532,-224.2,87495,0.0
105483,-262.2,87391,0.0
105452,-281.5,87362,0.0
105505,-219.4,87481,0.0
105607,-112.7,87689,0.0
105667,-50.6,87845,0.0
105731,12.9,88005,0.0
105800,78.6,88167,0.0
105926,196.4,88371,0.0
105911,174.2,88315,0.0
105405,-318.6,87286,0.0
104957,-735.9,86387,0.0
104906,-755.4,86311,0.0
105046,-590.8,86622,0.0
105258,-363.6,87059,0.0
105390,-222.4,87341,0.0
105378,-225.0,87327,0.0
105361,-232.3,87251,0.0
105322,-260.5,87218,0.0
105352,-221.3,87291,0.0
105465,-103.9,87488,0.0
105558,-10.5,87690,0.0
105612,41.8,87813,0.0
105702,126.5,87985,0.0
105787,203.0,88192,0.0
105825,231.4,88257,0.0
105535,-56.3,87541,0.0
105134,-439.0,86622,0.0
105070,-482.9,86430,0.0
105245,-295.5,86728,0.0
105515,-24.5,87208,0.0
105735,187.7,87610,0.0
105770,213.8,87686,0.0
105685,123.6,87542,0.0
105664,98.5,87489,0.0
105749,176.2,87622,0.0
105839,255.5,87788,0.0
105931,333.6,87931,0.0
106052,436.4,88126,0.0
106135,498.6,88324,0.0
106222,562.2,88496,0.0
106242,558.9,88484,0.0
105800,112.3,87524,0.0
105395,-281.0,86639,0.0
105377,-287.1,86562,0.0
105554,-105.7,86924,0.0
105763,99.2,87350,0.0
105927,252.7,87686,0.0
105938,253.1,87715,0.0
105845,153.7,87541,0.0
105811,114.9,87498,0.0
105804,103.6,87572,0.0
105822,116.7,87679,0.0
105884,171.6,87844,0.0
105935,213.7,87981,0.0
106009,276.2,88113,0.0
106103,355.4,88311,0.0
106041,281.6,88148,0.0
105510,-239.4,87025,0.0
105154,-571.6,86254,0.0
105164,-539.1,86253,0.0
105313,-374.5,86555,0.0
105479,-200.2,86929,0.0
105545,-128.8,87137,0.0
105518,-149.6,87131,0.0
105471,-188.7,87053,0.0
105474,-178.3,87058,0.0
105528,-119.3,87154,0.0
105622,-24.3,87334,0.0
105672,24.7,87487,0.0
105725,74.6,87638,0.0
105795,138.8,87808,0.0
105877,211.9,87975,0.0
105844,171.8,87873,0.0
105354,-305.5,86816,0.0
104887,-741.6,85885,0.0
104822,-774.3,85781,0.0
104994,-578.2,86130,0.0
105176,-380.4,86504,0.0
105323,-224.0,86781,0.0
105329,-209.3,86800,0.0
105266,-261.4,86681,0.0
105257,-259.6,86673,0.0
105322,-186.8,86798,0.0
105361,-141.9,86933,0.0
105385,-113.2,87046,0.0
105424,-71.2,87183,0.0
105487,-7.9,87325,0.0
105564,66.3,87483,0.0
105644,140.5,87642,0.0
105325,-171.4,87081,0.0
104683,-780.8,85808,0.0
104367,-1053.0,85219,0.0
104468,-913.9,85412,0.0
104745,-611.4,85903,0.0
104931,-408.4,86306,0.0
105054,-274.0,86522,0.0
105079,-239.0,86523,0.0
105022,-284.2,86445,0.0
104970,-322.7,86415,0.0
104927,-351.1,86444,0.0
104899,-363.9,86513,0.0
104917,-332.1,86635,0.0
104965,-272.7,86770,0.0
105036,-193.7,86932,0.0
105105,-119.7,87100,0.0
105194,-29.4,87259,0.0
105094,-124.3,87002,0.0
104551,-640.6,85869,0.0
104229,-924.1,85213,0.0
104274,-843.9,85316,0.0
104470,-622.0,85696,0.0
104681,-394.6,86098,0.0
104813,-252.1,86353,0.0
104823,-232.4,86349,0.0
104792,-252.8,86277,0.0
104760,-273.4,86275,0.0
104827,-198.2,86404,0.0
104909,-111.5,86587,0.0
104997,-22.6,86772,0.0
105087,64.7,86933,0.0
105147,119.7,87073,0.0
105213,178.3,87224,0.0
105268,224.0,87343,0.0
105284,230.4,87381,0.0
104882,-164.8,86599,0.0
104348,-670.8,85525,0.0
104198,-788.0,85256,0.0
104313,-646.1,85527,0.0
104499,-441.7,85905,0.0
104699,-232.0,86307,0.0
104747,-176.6,86410,0.0
104691,-223.3,86281,0.0
104668,-236.5,86215,0.0
104710,-186.7,86309,0.0
104781,-111.1,86480,0.0
104851,-39.4,86668,0.0
104905,14.0,86820,0.0
104953,59.5,86931,0.0
104997,99.4,87039,0.0
105071,166.4,87174,0.0
105164,249.1,87305,0.0
104924,8.7,86772,0.0
104336,-556.1,85610,0.0
104113,-748.0,85179,0.0
104255,-581.7,85433,0.0
104383,-435.6,85757,0.0
104522,-284.7,86078,0.0
104622,-177.3,86272,0.0
104565,-225.0,86185,0.0
104530,-249.6,86100,0.0
104564,-206.9,86184,0.0
104583,-180.4,86286,0.0
104699,-61.8,86497,0.0
104814,51.0,86717,0.0
104879,111.4,86852,0.0
104977,201.0,87007,0.0
105069,281.3,87193,0.0
105134,332.5,87323,0.0
104884,79.2,86775,0.0
104319,-466.4,85624,0.0
104056,-700.2,85123,0.0
104130,-601.2,85278,0.0
104291,-422.6,85642,0.0
104470,-233.8,86006,0.0
104561,-137.1,86208,0.0
104499,-191.2,86132,0.0
104380,-297.8,85963,0.0
104381,-284.9,85988,0.0
104434,-222.6,86126,0.0
104538,-113.9,86334,0.0
104624,-26.8,86544,0.0
104671,19.4,86691,0.0
104747,91.6,86850,0.0
104827,164.8,87022,0.0
104932,259.0,87185,0.0
104884,202.5,87012,0.0
104333,-334.5,85869,0.0
103916,-721.5,85072,0.0
103911,-697.4,85082,0.0
104071,-515.9,85428,0.0
104241,-332.1,85767,0.0
104432,-135.4,86099,0.0
104420,-141.5,86102,0.0
104370,-183.9,85998,0.0
104377,-169.8,86012,0.0
104419,-122.7,86127,0.0
104484,-55.4,86284,0.0
104572,31.3,86474,0.0
104627,82.9,86646,0.0
104663,114.1,86791,0.0
104706,150.8,86911,0.0
104775,211.0,87047,0.0
104886,309.1,87186,0.0
104610,31.8,86572,0.0
104049,-508.0,85447,0.0
103858,-671.1,85059,0.0
104017,-491.6,85340,0.0
104243,-254.9,85764,0.0
104427,-68.1,86113,0.0
104514,18.1,86285,0.0
104486,-9.5,86233,0.0
104420,-72.4,86134,0.0
104414,-75.3,86165,0.0
104489,-0.3,86303,0.0
104604,110.1,86503,0.0
104684,182.5,86691,0.0
104687,178.1,86819,0.0
104719,201.7,86954,0.0
104786,257.9,87117,0.0
104870,328.3,87294,0.0
104894,338.2,87288,0.0
104466,-86.2,86353,0.0
103981,-548.4,85376,0.0
103903,-601.3,85229,0.0
104078,-409.3,85552,0.0
104289,-190.3,85961,0.0
104424,-53.1,86254,0.0
104463,-13.6,86311,0.0
104429,-45.7,86242,0.0
104365,-105.3,86166,0.0
104411,-56.9,86258,0.0
104507,37.5,86445,0.0
104592,117.6,86620,0.0
104682,199.3,86790,0.0
104745,251.8,86943,0.0
104759,255.2,87052,0.0
104840,322.8,87210,0.0
104967,431.8,87404,0.0
104762,217.7,86938,0.0
104213,-318.1,85754,0.0
103973,-535.7,85239,0.0
104054,-436.5,85406,0.0
104223,-256.8,85787,0.0
104420,-57.4,86194,0.0
104508,29.3,86390,0.0
104483,4.2,86326,0.0
104429,-47.8,86219,0.0
104414,-60.3,86224,0.0
104488,13.1,86371,0.0
104584,104.8,86578,0.0
104651,164.9,86735,0.0
104714,218.8,86881,0.0
104809,301.2,87050,0.0
104891,367.9,87221,0.0
104966,425.2,87364,0.0
104835,282.4,87081,0.0
104258,-282.8,85897,0.0
103877,-637.3,85167,0.0
103896,-593.5,85229,0.0
104087,-386.4,85619,0.0
104271,-194.3,85999,0.0
104400,-62.7,86267,0.0
104440,-21.8,86300,0.0
104387,-71.8,86195,0.0
104380,-75.7,86206,0.0
104396,-57.3,86287,0.0
104480,25.6,86471,0.0
104548,89.9,86658,0.0
104601,137.2,86807,0.0
104724,249.8,87035,0.0
104798,310.8,87196,0.0
104886,382.9,87359,0.0
104928,407.9,87380,0.0
104396,-119.2,86335,0.0
103849,-639.5,85281,0.0
103741,-717.6,85110,0.0
103899,-537.2,85434,0.0
104064,-357.3,85787,0.0
104198,-214.4,86071,0.0
104135,-266.3,86043,0.0
103942,-440.9,85789,0.0
103908,-455.9,85738,0.0
103957,-390.7,85861,0.0
104044,-291.5,86022,0.0
104189,-140.6,86269,0.0
104242,-84.1,86425,0.0
104270,-53.9,86555,0.0
104339,14.5,86710,0.0
104436,107.0,86914,0.0
104539,201.6,87071,0.0
104275,-59.9,86483,0.0
103691,-618.1,85302,0.0
103448,-826.7,84831,0.0
103552,-693.8,85061,0.0
103756,-470.2,85468,0.0
103979,-237.3,85893,0.0
104067,-143.3,86080,0.0
104044,-159.7,86025,0.0
103998,-197.4,85937,0.0
104013,-175.1,85978,0.0
104088,-96.1,86140,0.0
104209,23.9,86361,0.0
104305,115.1,86549,0.0
104364,167.1,86688,0.0
104436,229.6,86864,0.0
104525,305.8,87039,0.0
104637,401.1,87227,0.0
104594,343.8,87094,0.0
104046,-196.1,85974,0.0
103675,-544.4,85194,0.0
103739,-461.2,85250,0.0
103897,-291.0,85594,0.0
104079,-104.7,85974,0.0
104254,67.5,86301,0.0
104285,94.6,86351,0.0
104193,2.5,86195,0.0
104171,-18.7,86168,0.0
104196,6.0,86260,0.0
104314,119.0,86463,0.0
104390,187.2,86637,0.0
104397,186.5,86726,0.0
104414,195.3,86821,0.0
104470,241.3,86971,0.0
104531,290.2,87114,0.0
104534,281.5,87048,0.0
104038,-206.0,86019,0.0
103619,-600.0,85141,0.0
103650,-546.2,85150,0.0
103842,-340.0,85521,0.0
104040,-136.4,85900,0.0
104207,29.4,86215,0.0
104182,4.2,86206,0.0
104053,-119.8,85996,0.0
104026,-140.9,85970,0.0
104056,-106.5,86081,0.0
104159,-3.3,86266,0.0
104314,145.6,86522,0.0
104371,194.5,86653,0.0
104419,232.8,86767,0.0
104516,316.6,86949,0.0
104582,367.3,87090,0.0
104297,79.0,86521,0.0
103721,-477.1,85371,0.0
103479,-690.3,84910,0.0
103569,-576.3,85085,0.0
103776,-354.6,85494,0.0
103949,-174.3,85861,0.0
104025,-94.4,86015,0.0
103977,-136.7,85938,0.0
103932,-174.4,85859,0.0
103897,-201.0,85868,0.0
103958,-134.4,86018,0.0
104052,-38.8,86210,0.0
104125,32.8,86358,0.0
104196,99.7,86512,0.0
104274,170.6,86680,0.0
104364,250.1,86869,0.0
104368,244.0,86838,0.0
103863,-250.6,85792,0.0
103421,-664.9,84893,0.0
103341,-715.1,84783,0.0
103431,-600.1,85033,0.0
103624,-390.8,85398,0.0
103789,-216.8,85723,0.0
103804,-193.7,85778,0.0
103751,-236.8,85689,0.0
103750,-228.3,85679,0.0
103829,-143.3,85790,0.0
103961,-10.9,85999,0.0
104035,60.6,86171,0.0
104090,111.0,86320,0.0
104168,181.4,86500,0.0
104264,266.3,86689,0.0
104362,349.7,86860,0.0
104195,175.4,86504,0.0
103613,-390.3,85344,0.0
103277,-697.3,84723,0.0
103342,-607.0,84853,0.0
103532,-400.3,85225,0.0
103717,-206.7,85593,0.0
103820,-99.5,85810,0.0
103788,-126.3,85764,0.0
103718,-188.4,85662,0.0
103732,-167.4,85708,0.0
103785,-109.9,85832,0.0
103904,8.8,86041,0.0
104027,126.5,86266,0.0
104100,191.5,86431,0.0
104192,272.2,86601,0.0
104336,399.5,86832,0.0
104444,487.2,87000,0.0
104205,238.3,86453,0.0
103643,-310.8,85331,0.0
103434,-499.0,84934,0.0
103533,-384.0,85140,0.0
103722,-187.2,85519,0.0
103922,12.3,85913,0.0
103986,73.3,86056,0.0
103938,24.2,85962,0.0
103880,-32.4,85879,0.0
103875,-35.9,85927,0.0
103943,30.8,86075,0.0
104048,130.4,86269,0.0
104160,232.7,86494,0.0
104244,304.0,86673,0.0
104318,362.9,86818,0.0
104401,428.1,86990,0.0
104488,494.5,87148,0.0
104169,168.4,86541,0.0
103584,-399.9,85386,0.0
103347,-611.4,84962,0.0
103452,-486.1,85180,0.0
103687,-241.1,85626,0.0
103868,-57.7,86003,0.0
103936,9.9,86134,0.0
103914,-11.6,86065,0.0
103807,-113.9,85914,0.0
103753,-161.2,85886,0.0
103822,-88.5,86066,0.0
103838,-69.6,86212,0.0
103888,-18.8,86370,0.0
103958,49.2,86526,0.0
104018,104.8,86652,0.0
104141,218.7,86837,0.0
104229,294.4,86967,0.0
103884,-48.6,86255,0.0
103340,-568.9,85158,0.0
103193,-687.2,84875,0.0
103281,-575.3,85101,0.0
103407,-431.3,85434,0.0
103568,-259.5,85789,0.0
103595,-223.2,85868,0.0
103512,-293.9,85710,0.0
103431,-359.9,85595,0.0
103424,-352.3,85625,0.0
103553,-214.3,85866,0.0
103667,-96.3,86105,0.0
103726,-35.8,86231,0.0
103836,71.2,86398,0.0
103944,172.1,86573,0.0
104040,257.3,86720,0.0
103809,25.3,86229,0.0
103180,-579.6,85029,0.0
102919,-807.0,84517,0.0
103012,-685.4,84709,0.0
103224,-454.5,85118,0.0
103374,-292.3,85466,0.0
103400,-255.6,85565,0.0
103335,-307.8,85454,0.0
103243,-383.8,85314,0.0
103288,-325.3,85407,0.0
103347,-255.6,85576,0.0
103399,-195.5,85721,0.0
103515,-76.3,85906,0.0
103604,12.2,86080,0.0
103656,61.6,86219,0.0
103738,137.9,86344,0.0
103411,-181.5,85671,0.0
102843,-719.6,84549,0.0
102654,-872.2,84166,0.0
102788,-708.7,84408,0.0
102964,-511.4,84761,0.0
103140,-322.0,85103,0.0
103226,-226.5,85257,0.0
103230,-213.6,85213,0.0
103234,-201.2,85173,0.0
103229,-198.0,85177,0.0
103327,-96.0,85346,0.0
103446,22.1,85573,0.0
103501,74.0,85715,0.0
103546,114.2,85861,0.0
103630,190.3,86044,0.0
103540,96.3,85877,0.0
103059,-369.3,84868,0.0
102726,-674.2,84176,0.0
102777,-598.3,84242,0.0
102962,-396.8,84588,0.0
103118,-231.1,84927,0.0
103226,-118.2,85161,0.0
103237,-102.9,85195,0.0
103153,-179.4,85076,0.0
103164,-161.7,85096,0.0
103212,-109.2,85236,0.0
103212,-104.8,85338,0.0
103274,-41.1,85485,0.0
103400,81.5,85720,0.0
103430,107.1,85857,0.0
103512,181.5,86032,0.0
103561,221.3,86041,0.0
103130,-201.3,85107,0.0
102807,-503.4,84366,0.0
102749,-538.9,84297,0.0
102874,-397.4,84577,0.0
103075,-188.5,84974,0.0
103211,-50.4,85253,0.0
103257,-4.2,85310,0.0
103259,-2.1,85255,0.0
103261,-0.1,85246,0.0
103333,69.0,85379,0.0
103503,229.4,85653,0.0
103610,323.0,85862,0.0
103679,376.3,86005,0.0
103786,464.0,86180,0.0
103832,489.6,86309,0.0
103873,509.3,86414,0.0
103952,564.8,86539,0.0
103624,227.3,85864,0.0
103071,-312.6,84772,0.0
102988,-379.8,84534,0.0
103201,-160.1,84870,0.0
103390,27.7,85238,0.0
103560,189.8,85579,0.0
103639,258.1,85730,0.0
103590,200.7,85649,0.0
103560,163.9,85592,0.0
103580,176.5,85647,0.0
103655,241.5,85811,0.0
103792,363.3,86036,0.0
103887,440.0,86240,0.0
103962,494.4,86402,0.0
104040,549.5,86547,0.0
104116,600.5,86699,0.0
104190,647.5,86844,0.0
104151,584.1,86747,0.0
103634,64.5,85714,0.0
103156,-397.0,84805,0.0
103153,-384.0,84771,0.0
103391,-140.2,85188,0.0
103619,84.3,85621,0.0
103814,268.2,85940,0.0
103854,295.8,85985,0.0
103804,236.0,85847,0.0
103753,177.6,85773,0.0
103803,218.5,85909,0.0
103883,286.6,86101,0.0
103982,370.1,86285,0.0
104104,472.4,86469,0.0
104245,588.9,86673,0.0
104353,669.0,86854,0.0
104485,769.0,87073,0.0
104466,720.0,87005,0.0
103947,193.0,85954,0.0
103521,-223.7,85113,0.0
103478,-256.1,85042,0.0
103633,-97.0,85364,0.0
103890,153.6,85834,0.0
104055,305.8,86186,0.0
104053,291.7,86183,0.0
104003,232.0,86083,0.0
103909,132.5,85981,0.0
103899,117.6,86031,0.0
103977,187.8,86222,0.0
104044,244.6,86406,0.0
104090,279.0,86545,0.0
104156,331.2,86690,0.0
104269,426.4,86891,0.0
104393,528.4,87080,0.0
104243,363.3,86764,0.0
103666,-205.2,85596,0.0
103324,-525.3,84953,0.0
103370,-460.1,85053,0.0
103586,-234.4,85466,0.0
103810,-10.0,85893,0.0
103931,106.6,86138,0.0
103918,89.9,86111,0.0
103815,-12.6,85962,0.0
103800,-26.5,85962,0.0
103876,47.5,86130,0.0
103959,125.3,86313,0.0
104064,221.1,86492,0.0
104176,319.8,86688,0.0
104243,371.3,86828,0.0
104290,401.6,86969,0.0
104341,434.5,87092,0.0
103977,67.6,86437,0.0
103356,-531.2,85288,0.0
103158,-700.1,84919,0.0
103296,-539.6,85168,0.0
103527,-296.2,85573,0.0
103768,-53.0,85980,0.0
103845,23.0,86138,0.0
103781,-39.3,86043,0.0
103732,-84.8,85984,0.0
103727,-86.2,86024,0.0
103828,14.2,86199,0.0
103926,107.7,86399,0.0
103985,160.0,86546,0.0
104048,214.1,86704,0.0
104086,242.0,86842,0.0
104192,334.1,87025,0.0
104308,432.1,87148,0.0
103984,103.8,86416,0.0
103447,-415.9,85368,0.0
103358,-484.7,85192,0.0
103527,-303.1,85524,0.0
103793,-35.6,85994,0.0
104050,212.5,86433,0.0
104141,291.4,86564,0.0
104092,232.7,86441,0.0
104094,225.3,86399,0.0
104109,230.7,86470,0.0
104144,255.1,86609,0.0
104228,325.5,86803,0.0
104303,384.5,86945,0.0
104363,426.7,87069,0.0
104451,494.1,87236,0.0
104567,585.7,87443,0.0
104450,450.0,87203,0.0
103910,-86.4,86100,0.0
103582,-397.8,85427,0.0
103625,-340.6,85503,0.0
103833,-127.3,85899,0.0
104030,66.9,86311,0.0
104115,145.8,86511,0.0
104112,137.1,86484,0.0
104051,73.0,86357,0.0
104053,72.0,86341,0.0
104157,169.0,86503,0.0
104227,229.4,86671,0.0
104299,289.4,86843,0.0
104380,355.6,87011,0.0
104440,398.9,87141,0.0
104547,485.7,87308,0.0
104666,580.5,87458,89.6
104371,274.1,86783,89.6
103817,-268.7,85654,89.6
103639,-428.8,85294,89.6
103785,-271.5,85559,89.6
103976,-77.3,85954,89.6
104148,90.9,86302,89.6
104243,178.5,86445,89.6
104223,152.1,86372,89.6
104177,101.9,86276,89.6
104191,111.2,86331,89.6
104226,140.4,86457,89.6
104313,218.3,86649,89.6
104365,259.5,86801,89.6
104414,296.2,86937,89.6
104474,341.9,87072,89.6
104549,400.2,87238,89.6
104626,458.1,87392,89.3
104365,189.3,86860,89.3
103748,-410.6,85660,89.3
103469,-662.0,85161,89.3
103547,-560.7,85352,89.3
103752,-341.5,85752,89.3
103913,-173.2,86078,89.3
104001,-81.8,86255,89.3
103926,-150.6,86172,89.3
103786,-278.9,86002,89.3
103783,-270.7,86038,89.3
103860,-185.9,86197,89.3
103936,-105.5,86383,89.3
104000,-39.8,86545,89.3
104063,22.2,86708,89.3
104138,93.3,86868,89.3
104239,186.6,87027,89.3
104380,314.5,87233,89.3
104402,323.0,87209,89.3
103926,-146.9,86219,89.3
103502,-548.0,85356,89.3
103426,-599.1,85257,89.3
103567,-439.8,85570,89.3
103771,-226.3,85982,89.3
103914,-80.0,86283,89.3
103942,-49.9,86334,89.3
103881,-106.5,86224,89.3
103841,-140.6,86163,89.3
103903,-75.5,86272,89.3
103976,-2.4,86417,89.3
104053,71.6,86592,89.3
104127,139.8,86773,89.3
104176,181.3,86914,89.3
104225,221.0,87020,89.3
104313,296.7,87178,89.3
104391,359.7,87325,89.3
104240,200.4,87027,89.3
103683,-342.4,85913,89.3
103336,-661.8,85235,89.3
103381,-592.1,85306,89.3
103585,-372.6,85704,89.3
103778,-172.4,86085,89.3
103896,-52.2,86307,89.3
103835,-108.7,86228,89.3
103700,-234.0,86014,89.3
103663,-260.1,85969,89.3
103763,-153.7,86137,89.3
103855,-59.2,86300,89.3
103930,15.1,86459,89.3
103998,79.8,86608,89.3
104019,96.8,86696,89.3
104083,154.3,86837,89.3
104168,229.8,86985,89.3
103962,22.8,86560,89.3
103395,-522.4,85426,89.3
103076,-807.8,84846,89.3
103127,-726.5,84961,89.3
103295,-536.2,85301,89.3
103487,-330.4,85671,89.3
103605,-203.9,85896,89.3
103570,-229.3,85834,89.3
103494,-293.1,85713,89.3
103506,-269.9,85747,89.3
103586,-182.3,85915,89.3
103681,-83.8,86101,89.3
103831,63.5,86333,89.3
103894,121.5,86472,89.3
103941,161.7,86585,89.3
104012,223.4,86751,89.3
104092,291.3,86922,89.3
103843,40.6,86460,89.3
103216,-563.0,85251,89.3
102962,-784.3,84730,89.3
103080,-639.6,84906,89.3
103294,-408.6,85286,89.3
103507,-187.8,85652,89.3
103638,-54.5,85875,0.0
103636,-54.2,85847,0.0
103558,-127.0,85712,0.0
103567,-113.2,85751,0.0
103654,-25.2,85923,0.0
103732,50.7,86115,0.0
103787,101.5,86252,0.0
103870,177.1,86430,0.0
103909,207.4,86567,0.0
103981,268.3,86712,0.0
104106,377.5,86909,0.0
103908,172.4,86489,0.0
103313,-405.7,85317,0.0
103035,-656.4,84803,0.0
103094,-573.5,84930,0.0
103285,-367.2,85293,0.0
103441,-202.7,85636,0.0
103506,-132.2,85811,0.0
103474,-157.7,85776,0.0
103413,-209.9,85684,0.0
103410,-204.4,85691,0.0
103478,-130.9,85844,0.0
103542,-64.3,86029,0.0
103601,-5.1,86202,0.0
103677,68.1,86369,0.0
103783,167.1,86544,0.0
103874,247.8,86699,0.0
103960,320.5,86862,0.0
103919,268.3,86734,0.0
103404,-236.8,85704,0.0
103042,-574.9,84984,0.0
103059,-535.6,85016,0.0
103220,-359.6,85345,0.0
103376,-195.4,85695,0.0
103503,-65.7,85965,0.0
103521,-45.8,86010,0.0
103476,-87.2,85919,0.0
103490,-70.3,85904,0.0
103568,7.4,86049,0.0
103669,104.1,86243,0.0
103742,170.0,86426,0.0
103812,230.4,86597,0.0
103869,275.9,86731,0.0
103924,317.7,86847,45.5
104005,382.7,86984,45.5
104068,427.9,87109,45.5
103976,322.5,86931,45.5
103467,-179.1,85889,45.5
103062,-560.7,85092,45.5
103070,-530.6,85093,45.5
103253,-333.7,85460,45.5
103425,-155.2,85818,45.5
103543,-35.7,86071,45.5
103532,-44.9,86049,45.5
103436,-135.2,85882,45.5
103406,-158.6,85832,45.5
103455,-105.2,85945,45.5
103532,-27.1,86110,45.5
103610,48.9,86301,45.5
103664,98.7,86451,45.5
103731,159.1,86579,45.5
103808,226.7,86714,45.5
103872,279.0,86832,45.5
103932,325.5,86911,51.6
103580,-25.5,86217,51.6
103062,-521.7,85181,51.6
102938,-619.9,84892,51.6
103098,-441.5,85157,51.6
103299,-230.9,85515,51.6
103462,-65.2,85848,51.6
103561,32.5,86033,51.6
103517,-11.1,85953,51.6
103457,-68.2,85840,51.6
103472,-51.1,85871,51.6
103554,29.7,86018,51.6
103677,146.6,86240,51.6
103753,213.7,86414,51.6
103780,231.0,86520,51.6
103846,285.2,86665,51.6
103907,332.3,86792,60.0
104031,438.1,86967,60.0
104054,442.6,86952,60.0
103544,-64.7,85943,60.0
103057,-529.6,84986,60.0
103031,-533.4,84904,60.0
103174,-374.8,85207,60.0
103327,-212.9,85533,60.0
103516,-22.9,85876,60.0
103581,40.4,85977,60.0
103527,-13.1,85880,60.0
103463,-74.0,85799,60.0
103452,-81.6,85834,60.0
103556,21.5,86021,60.0
103665,125.3,86246,60.0
103729,181.7,86399,60.0
103794,236.8,86536,60.0
103863,293.6,86668,65.6
103960,375.0,86799,65.6
104067,462.7,86971,65.6
104040,418.3,86908,65.6
103509,-108.2,85877,65.6
103052,-542.6,84970,65.6
102973,-596.7,84844,65.6
103123,-428.9,85130,65.6
103324,-218.8,85506,65.6
103481,-59.3,85809,65.6
103521,-18.5,85880,65.6
103506,-32.2,85819,65.6
103466,-69.3,85757,65.6
103483,-50.2,85810,65.6
103592,56.5,86017,65.6
103694,152.1,86229,65.6
103786,234.4,86414,65.6
103876,311.4,86584,70.2
103957,376.7,86727,70.2
104038,439.4,86855,70.2
104101,482.3,86984,70.2
104203,560.9,87131,70.2
103992,335.9,86661,70.2
103456,-192.1,85555,70.2
103241,-390.8,85091,70.2
103342,-278.2,85278,70.2
103513,-102.9,85616,70.2
103695,75.9,85969,70.2
103775,149.7,86162,70.2
103732,102.4,86102,70.2
103721,87.8,86028,70.2
103701,65.0,86017,70.2
103763,122.0,86138,70.2
103869,218.8,86347,70.2
103956,293.6,86530,74.0
104053,375.0,86689,74.0
104105,409.9,86819,74.0
104157,443.4,86917,74.0
104231,496.7,87051,74.0
104290,533.5,87175,74.0
104083,313.5,86840,74.0
103464,-293.3,85680,74.0
103128,-604.2,85010,74.0
103235,-477.3,85119,74.0
103478,-224.9,85512,74.0
103612,-87.3,85814,74.0
103676,-22.3,86011,74.0
103599,-95.4,85957,74.0
103476,-209.6,85795,74.0
103439,-236.8,85774,74.0
103498,-170.7,85890,74.0
103638,-29.4,86107,74.0
103767,95.6,86296,74.0
103849,170.5,86447,74.0
103926,237.6,86602,74.0
104025,323.1,86770,73.5
104133,413.9,86923,73.5
104201,462.6,86998,73.5
103848,105.2,86282,73.5
103281,-443.3,85196,73.5
103060,-637.7,84806,73.5
103188,-489.3,85041,73.5
103399,-267.2,85430,73.5
103568,-94.3,85753,73.5
103685,21.8,85923,73.5
103688,23.8,85897,73.5
103617,-45.3,85774,73.5
103624,-36.8,85804,73.5
103710,47.3,85964,73.5
103819,150.0,86179,73.5
103893,215.1,86331,73.5
103959,269.8,86484,73.5
104041,337.7,86629,76.5
104134,413.5,86786,76.5
104243,501.6,86961,76.5
104274,511.3,87007,76.5
103872,104.9,86194,76.5
103322,-427.3,85119,76.5
103161,-564.7,84818,76.5
103277,-430.8,85047,76.5
103460,-237.9,85413,76.5
103611,-83.4,85741,76.5
103677,-16.7,85885,76.5
103647,-44.8,85831,76.5
103562,-124.6,85704,76.5
103540,-140.8,85720,76.5
103607,-70.8,85884,76.5
103693,14.6,86080,76.5
103797,113.8,86289,76.5
103880,189.0,86463,76.5
103935,234.2,86586,76.5
104008,294.9,86721,77.2
104086,358.0,86879,77.2
104162,416.6,87008,77.2
103907,155.2,86487,77.2
103321,-413.6,85314,77.2
103099,-610.2,84850,77.2
103232,-458.1,85101,77.2
103409,-269.8,85459,77.2
103631,-45.9,85849,77.2
103768,87.4,86114,77.2
103709,27.3,86027,77.2
103627,-52.5,85900,77.2
103622,-55.2,85917,77.2
103678,0.8,86039,77.2
103805,122.6,86269,77.2
103947,254.1,86509,77.2
104056,348.5,86708,80.5
104124,399.9,86855,80.5
104208,464.5,87009,80.5
104313,546.7,87189,80.5
104384,593.0,87327,80.5
104237,428.2,87006,80.5
103663,-140.0,85865,80.5
103314,-469.4,85183,80.5
103374,-393.0,85280,80.5
103526,-231.4,85637,80.5
103667,-86.8,85952,80.5
103790,34.8,86189,80.5
103780,23.8,86154,80.5
103671,-81.8,85972,80.5
103619,-128.5,85932,80.5
103663,-81.1,86038,80.5
103761,16.2,86229,80.5
103867,117.3,86421,80.5
103944,186.6,86579,80.5
104006,238.6,86687,80.5
104121,339.5,86879,79.4
104184,386.4,87003,79.4
104196,382.4,87009,79.4
103784,-28.4,86192,79.4
103256,-534.1,85189,79.4
103186,-580.0,85035,79.4
103326,-422.4,85320,79.4
103515,-224.0,85683,79.4
103721,-17.3,86048,79.4
103782,41.9,86156,79.4
103712,-26.9,86034,79.4
103650,-85.4,85941,79.4
103666,-66.6,85992,79.4
103802,66.6,86207,79.4
103904,161.9,86412,79.4
103939,189.0,86526,79.4
103997,237.1,86680,79.4
104057,285.2,86821,81.4
104167,379.4,87012,81.4
104230,424.7,87110,81.4
103806,0.7,86313,81.4
103232,-550.4,85173,81.4
103088,-666.6,84880,81.4
103212,-520.9,85132,81.4
103413,-307.1,85506,81.4
103593,-122.0,85862,81.4
103664,-49.0,86006,81.4
103637,-72.9,85940,81.4
103587,-118.0,85853,81.4
103620,-81.6,85905,81.4
103728,25.3,86078,81.4
103816,108.8,86256,81.4
103857,143.8,86387,81.4
103913,191.8,86548,81.4
104008,275.3,86758,81.4
104112,364.2,86923,81.8
104230,462.9,87064,81.8
103962,187.1,86490,81.8
103379,-380.1,85341,81.8
103151,-583.8,84928,81.8
103244,-471.1,85121,81.8
103450,-254.5,85500,81.8
103593,-107.1,85818,81.8
103672,-26.9,85996,81.8
103642,-54.7,85962,81.8
103573,-118.7,85866,81.8
103569,-117.8,85899,81.8
103624,-60.3,86027,81.8
103729,42.9,86221,81.8
103816,124.7,86412,81.8
103883,184.1,86559,81.8
103996,285.2,86752,81.8
104078,352.5,86937,83.1
104168,424.8,87091,83.1
103992,238.8,86737,83.1
103409,-330.4,85591,83.1
103095,-618.6,84983,83.1
103193,-499.8,85141,83.1
103351,-328.1,85485,83.1
103525,-148.0,85828,83.1
103649,-23.0,86085,83.1
103635,-35.5,86077,83.1
103588,-79.2,85965,83.1
103591,-73.2,85977,83.1
103608,-53.9,86042,83.1
103725,60.5,86257,83.1
103826,155.1,86470,83.1
103871,192.1,86591,83.1
103975,284.2,86773,83.1
104078,371.8,86959,84.4
104172,447.1,87120,84.4
104217,472.4,87147,84.4
103770,24.4,86236,84.4
103306,-422.0,85299,84.4
103267,-442.6,85203,84.4
103431,-267.4,85519,84.4
103654,-42.6,85921,84.4
103853,150.1,86289,84.4
103900,189.2,86368,84.4
103821,105.8,86213,84.4
103772,54.5,86125,84.4
103793,72.5,86190,84.4
103879,152.2,86373,84.4
103964,227.7,86569,84.4
104048,299.2,86729,87.5
104146,381.3,86882,87.5
104211,428.5,87009,87.5
104290,487.2,87160,87.5
104363,537.8,87259,87.5
103933,103.5,86430,87.5
103409,-403.7,85407,87.5
103344,-450.0,85240,87.5
103503,-279.3,85534,87.5
103701,-78.1,85912,87.5
103860,77.7,86244,87.5
103884,97.6,86310,87.5
103800,13.1,86178,87.5
103731,-53.7,86090,87.5
103741,-42.0,86146,87.5
103842,56.7,86339,87.5
103926,135.1,86534,87.5
103977,178.6,86667,87.5
104064,255.0,86842,86.7
104164,340.8,87017,86.7
104290,448.1,87202,86.7
104268,409.1,87113,86.7
103677,-174.7,85993,86.7
103239,-588.1,85159,86.7
103241,-562.7,85170,86.7
103388,-399.1,85489,86.7
103570,-208.4,85848,86.7
103720,-56.1,86151,86.7
103723,-50.9,86184,86.7
103671,-98.8,86087,86.7
103643,-121.7,86056,86.7
103683,-78.5,86142,86.7
103796,33.1,86343,86.7
103870,102.9,86529,86.7
103927,153.5,86665,86.7
104016,232.8,86843,86.7
104118,321.4,87041,86.2
104240,425.6,87222,86.2
104130,303.0,86946,86.2
103531,-284.1,85768,86.2
103175,-614.5,85102,86.2
103192,-573.6,85190,86.2
103354,-395.2,85527,86.2
103580,-162.4,85915,86.2
103748,5.4,86209,86.2
103732,-10.2,86187,86.2
103674,-65.5,86083,86.2
103675,-61.9,86095,86.2
103711,-24.9,86180,86.2
103841,100.9,86399,86.2
103979,229.4,86652,86.2
104038,276.8,86794,86.2
104130,354.1,86957,87.7
104222,428.2,87131,87.7
104311,496.6,87299,87.7
104163,334.6,87004,87.7
103550,-267.2,85842,87.7
103241,-553.2,85235,87.7
103331,-444.7,85368,87.7
103506,-258.9,85715,87.7
103684,-77.6,86070,87.7
103816,52.2,86341,87.7
103778,13.6,86297,87.7
103687,-74.3,86147,87.7
103670,-87.6,86140,87.7
103705,-50.5,86261,87.7
103801,43.6,86469,87.7
103926,161.9,86696,87.7
103996,222.6,86834,87.7
104074,288.6,86972,87.8
104162,361.5,87145,87.8
104235,417.2,87283,87.8
104051,223.8,86892,87.8
103467,-345.8,85755,87.8
103163,-623.8,85168,87.8
103255,-510.5,85341,87.8
103463,-290.4,85748,87.8
103660,-89.7,86104,87.8
103783,32.0,86288,87.8
103745,-5.8,86193,87.8
103639,-107.3,86031,87.8
103649,-93.4,86048,87.8
103717,-24.4,86206,87.8
103817,72.6,86400,87.8
103914,162.8,86606,87.8
104008,246.5,86774,87.8
104112,336.5,86933,87.9
104229,435.4,87122,87.9
104212,401.6,87062,87.9
103722,-84.8,86074,87.9
103343,-445.3,85286,87.9
103339,-431.3,85260,87.9
103491,-268.1,85565,87.9
103676,-79.8,85959,87.9
103780,23.2,86226,87.9
103769,11.7,86223,87.9
103720,-35.8,86121,87.9
103685,-67.9,86059,87.9
103741,-11.5,86174,87.9
103841,85.0,86379,87.9
103912,149.8,86543,87.9
103991,219.6,86689,87.9
104086,302.0,86884,89.4
104172,372.5,87055,89.4
104251,433.4,87177,89.4
103901,80.1,86450,89.4
103316,-484.7,85314,89.4
103126,-647.7,84971,89.4
103235,-517.2,85205,89.4
103379,-358.2,85522,89.4
103509,-219.1,85826,89.4
103514,-205.5,85901,89.4
103423,-284.7,85762,89.4
103371,-323.2,85679,89.4
103395,-287.2,85735,89.4
103482,-192.2,85914,89.4
103586,-84.7,86138,89.4
103672,1.2,86326,89.4
103765,90.5,86508,89.4
103859,177.1,86693,89.4
103940,247.8,86857,89.4
104016,310.8,86963,87.3
103563,-136.5,86124,87.3
102945,-724.3,84961,87.3
102760,-872.9,84623,87.3
102874,-728.6,84854,87.3
103049,-531.4,85203,87.3
103181,-383.5,85498,87.3
103211,-339.3,85593,87.3
103117,-416.0,85448,87.3
103054,-459.8,85333,87.3
103110,-387.7,85430,87.3
103167,-317.4,85564,87.3
103232,-242.3,85720,87.3
103327,-141.4,85917,87.3
103404,-61.9,86067,87.3
103538,69.2,86273,87.3
103660,183.6,86453,87.3
103482,5.4,86064,87.3
102952,-503.6,84987,87.3
102687,-737.9,84460,87.3
102789,-610.5,84611,87.3
102998,-385.4,84993,87.3
103189,-186.6,85349,87.3
103316,-57.2,85572,87.3
103317,-54.0,85545,87.3
103259,-107.5,85428,87.3
103272,-90.7,85452,87.3
103358,-4.6,85621,87.3
103462,95.5,85806,87.3
103538,164.6,85979,87.3
103599,216.6,86120,87.3
103668,274.2,86256,87.3
103786,376.5,86462,87.3
103850,422.9,86582,79.0
103510,79.5,85891,79.0
102942,-468.9,84789,79.0
102762,-623.0,84457,79.0
102861,-503.0,84672,79.0
103034,-316.8,85024,79.0
103213,-132.3,85372,79.0
103324,-20.4,85569,79.0
103317,-26.3,85539,79.0
103259,-81.0,85442,79.0
103280,-57.6,85499,79.0
103369,30.2,85680,79.0
103472,127.9,85879,79.0
103581,227.4,86088,79.0
103634,269.2,86227,79.0
103690,312.1,86360,79.0
103793,398.5,86539,81.9
103907,492.0,86730,81.9
103772,342.8,86434,81.9
103201,-219.1,85297,81.9
102869,-529.1,84663,81.9
102902,-476.2,84749,81.9
103104,-263.2,85114,81.9
103321,-44.4,85501,81.9
103477,107.1,85770,81.9
103500,124.9,85796,81.9
103443,65.2,85712,81.9
103420,40.5,85693,81.9
103480,96.5,85820,81.9
103590,198.2,86043,81.9
103678,274.8,86247,81.9
103802,382.8,86455,85.5
103931,491.4,86675,85.5
104037,573.5,86852,85.5
104154,662.8,87037,85.5
104238,717.0,87183,85.5
104003,462.7,86727,85.5
103415,-120.3,85579,85.5
103150,-369.9,85071,85.5
103237,-271.6,85248,85.5
103431,-74.5,85637,85.5
103629,118.6,86027,85.5
103754,233.8,86264,85.5
103758,228.3,86248,85.5
103679,143.4,86117,85.5
103684,142.4,86123,85.5
103784,232.7,86295,85.5
103916,350.1,86531,87.5
103998,414.9,86708,87.5
104085,481.8,86874,87.5
104154,528.8,87024,87.5
104215,566.2,87147,87.5
104291,616.5,87299,87.5
104339,637.9,87387,87.5
103969,257.2,86681,87.5
103414,-285.9,85590,87.5
103273,-409.8,85303,87.5
103424,-248.5,85582,87.5
103638,-33.1,85976,87.5
103843,165.0,86369,87.5
103888,201.6,86470,87.5
103825,133.1,86342,87.5
103762,67.3,86213,87.5
103789,90.5,86273,87.5
103878,172.3,86444,87.5
103993,275.8,86673,87.5
104088,356.0,86855,85.7
104185,434.9,87037,85.7
104260,489.5,87187,85.7
104363,568.8,87354,85.7
104447,626.7,87495,85.7
104169,334.7,86947,85.7
103612,-213.4,85843,85.7
103368,-439.1,85380,85.7
103469,-324.6,85597,85.7
103657,-131.1,85979,85.7
103872,80.5,86372,85.7
103984,184.8,86595,85.7
103892,89.1,86464,85.7
103791,-11.4,86311,85.7
103810,7.3,86355,85.7
103873,67.5,86488,85.7
103960,148.3,86675,85.7
104057,235.5,86861,85.7
104135,301.0,87014,85.3
104212,362.8,87157,85.3
104321,453.0,87361,85.3
104410,520.3,87528,85.3
104182,280.6,87063,85.3
103545,-342.1,85818,85.3
103250,-611.7,85239,85.3
103358,-483.5,85417,85.3
103590,-241.5,85823,85.3
103776,-53.2,86176,85.3
103907,74.7,86414,85.3
103904,68.8,86406,85.3
103796,-37.6,86259,85.3
103782,-49.6,86257,85.3
103843,11.0,86388,85.3
103920,84.4,86559,85.3
104047,203.0,86778,85.3
104130,274.6,86964,85.3
104197,327.9,87105,85.1
104290,404.1,87278,85.1
104395,488.7,87461,85.1
104332,408.7,87332,85.1
103754,-162.6,86208,85.1
103312,-580.4,85348,85.1
103298,-570.6,85322,85.1
103472,-380.7,85662,85.1
103663,-182.2,86035,85.1
103834,-10.7,86357,85.1
103886,39.6,86443,85.1
103830,-15.7,86335,85.1
103805,-39.1,86283,85.1
103871,25.8,86409,85.1
103970,119.8,86595,85.1
104087,227.4,86802,85.1
104179,306.6,86977,86.8
104265,376.9,87135,86.8
104356,449.2,87313,86.8
104423,495.5,87471,86.8
104486,536.2,87584,86.8
104102,146.1,86834,86.8
103545,-394.5,85716,86.8
103432,-487.2,85445,86.8
103596,-310.2,85723,86.8
103791,-110.6,86111,86.8
103971,66.6,86493,86.8
104021,111.9,86623,86.8
103966,54.7,86528,86.8
103908,-3.2,86424,86.8
103924,12.3,86459,86.8
104002,86.7,86603,86.8
104104,181.1,86818,86.8
104190,256.4,86991,87.1
104251,304.7,87130,87.1
104360,397.2,87308,87.1
104456,473.5,87487,87.1
104521,516.9,87590,87.1
104136,126.7,86880,87.1
103558,-433.3,85743,87.1
103395,-572.4,85419,87.1
103514,-435.3,85654,87.1
103710,-229.7,86060,87.1
103903,-35.3,86440,87.1
104005,64.1,86599,87.1
103943,2.0,86461,87.1
103854,-83.5,86298,87.1
103865,-69.6,86345,87.1
103903,-30.4,86474,87.1
103998,62.0,86662,87.1
104091,148.8,86830,87.1
104084,136.2,86874,87.1
104131,175.8,86986,87.1
104211,245.6,87153,87.1
104002,35.1,86762,87.1
103445,-501.0,85651,87.1
103197,-719.0,85124,87.1
103292,-599.1,85275,87.1
103536,-340.9,85693,87.1
103752,-119.9,86104,87.1
103843,-27.7,86315,87.1
103831,-38.1,86285,87.1
103868,-1.1,86267,87.1
103837,-30.8,86228,87.1
103917,47.2,86372,87.1
104025,149.0,86572,87.1
104097,212.2,86729,87.1
104152,256.5,86863,87.1
104224,315.4,87009,87.1
104330,404.5,87195,78.1
104249,310.6,87035,78.1
103675,-252.9,85898,78.1
103224,-675.7,85048,78.1
103191,-680.4,84997,78.1
103357,-493.8,85334,78.1
103547,-291.7,85732,78.1
103663,-168.6,85990,78.1
103666,-159.0,86020,78.1
103564,-250.6,85880,78.1
103525,-278.0,85824,78.1
103614,-181.4,85962,78.1
103710,-82.0,86124,78.1
103822,28.8,86305,78.1
103914,116.0,86495,78.1
103947,143.0,86624,78.1
104029,216.0,86794,78.1
104113,288.0,86929,78.1
103733,-88.3,86181,78.1
103155,-639.7,85058,78.1
102987,-775.4,84758,78.1
103091,-644.5,84983,78.1
103301,-417.1,85364,78.1
103509,-200.8,85729,78.1
103577,-127.4,85852,78.1
103510,-186.7,85738,78.1
103422,-263.7,85614,78.1
103442,-233.9,85685,78.1
103539,-131.5,85876,78.1
103598,-69.6,86019,78.1
103631,-35.1,86139,78.1
103695,27.8,86309,78.1
103771,99.6,86483,78.1
103904,223.3,86700,78.1
103919,228.8,86647,78.1
103387,-291.1,85584,78.1
103014,-637.5,84802,78.1
103015,-611.1,84810,78.1
103212,-397.5,85180,78.1
103460,-143.5,85626,78.1
103628,23.5,85957,78.1
103625,19.7,85960,78.1
103572,-32.0,85858,78.1
103569,-33.6,85855,78.1
103615,11.9,85939,78.1
103734,125.7,86143,78.1
103819,202.2,86321,78.1
103906,277.7,86485,78.1
103991,348.2,86664,68.7
104092,431.2,86836,68.7
104204,521.5,87009,68.7
104074,375.8,86704,68.7
103508,-182.6,85582,68.7
103221,-450.8,85002,68.7
103276,-380.0,85125,68.7
103469,-179.5,85503,68.7
103700,49.4,85945,68.7
103793,136.7,86157,68.7
103705,46.8,86011,68.7
103658,-0.2,85889,68.7
103637,-20.3,85872,68.7
103679,20.8,85977,68.7
103761,98.7,86156,68.7
103845,175.4,86310,68.7
103953,272.0,86476,68.7
104041,345.6,86624,72.6
104146,432.6,86803,72.6
104122,392.3,86769,72.6
103626,-99.6,85798,72.6
103226,-479.6,84958,72.6
103213,-472.9,84910,72.6
103375,-298.5,85224,72.6
103549,-119.5,85585,72.6
103678,9.1,85870,72.6
103640,-27.7,85833,72.6
103537,-125.5,85673,72.6
103476,-179.0,85611,72.6
103499,-149.8,85679,72.6
103618,-29.5,85902,72.6
103674,25.4,86067,72.6
103734,82.0,86210,72.6
103824,165.1,86385,72.6
103954,283.3,86606,72.6
104038,352.6,86683,74.8
103649,-34.9,85864,74.8
103133,-528.9,84840,74.8
103003,-632.5,84580,74.8
103132,-483.4,84840,74.8
103234,-366.1,85146,74.8
103374,-217.1,85484,74.8
103457,-128.7,85643,74.8
103403,-175.4,85519,74.8
103366,-203.9,85421,74.8
103391,-171.8,85489,74.8
103445,-113.0,85635,74.8
103504,-51.9,85813,74.8
103576,19.3,85985,74.8
103642,81.9,86126,74.8
103725,158.3,86293,74.8
103786,210.5,86449,74.8
103554,-20.6,86060,74.8
102937,-612.1,84907,74.8
102603,-908.3,84321,74.8
102637,-839.3,84425,74.8
102810,-639.6,84777,74.8
102980,-450.9,85123,74.8
103052,-363.7,85304,74.8
102996,-402.9,85264,74.8
102883,-495.3,85136,74.8
102841,-515.8,85133,74.8
102879,-458.7,85249,74.8
102974,-349.1,85454,74.8
103047,-265.1,85630,74.8
103120,-184.4,85790,74.8
103207,-93.5,85972,74.8
103348,45.6,86190,74.8
103477,167.6,86355,74.8
103221,-84.8,85772,74.8
102721,-561.5,84744,74.8
102591,-663.8,84446,74.8
102701,-531.6,84685,74.8
102887,-331.8,85056,74.8
103094,-119.8,85438,74.8
103204,-9.4,85629,74.8
103163,-48.4,85553,74.8
103129,-79.1,85482,74.8
103162,-44.3,85548,74.8
103234,26.6,85689,74.8
103346,133.1,85905,74.8
103422,200.7,86073,74.8
103483,251.2,86206,74.8
103567,321.8,86368,74.8
103647,385.8,86531,74.8
103738,457.7,86641,65.9
103469,181.1,86028,65.9
102959,-315.7,84982,65.9
102861,-397.2,84725,65.9
103045,-204.6,85036,65.9
103268,17.6,85427,65.9
103465,206.0,85799,65.9
103482,214.1,85875,65.9
103326,55.8,85679,65.9
103220,-48.2,85543,65.9
103257,-10.7,85630,65.9
103380,107.8,85815,65.9
103485,204.2,85986,65.9
103528,237.4,86119,65.9
103553,251.9,86218,65.9
103622,308.0,86361,65.9
103738,407.1,86559,71.7
103746,398.5,86511,71.7
103265,-79.2,85497,71.7
102870,-455.3,84651,71.7
102892,-415.9,84634,71.7
103066,-232.3,84987,71.7
103188,-105.8,85317,71.7
103322,27.0,85609,71.7
103320,24.0,85618,71.7
103252,-42.2,85475,71.7
103211,-79.9,85412,71.7
103260,-29.6,85522,71.7
103350,57.9,85734,71.7
103392,95.9,85892,71.7
103444,142.0,86021,71.7
103521,210.3,86179,71.7
103589,267.1,86332,71.7
103666,330.4,86473,75.0
103555,210.6,86193,75.0
102941,-387.3,85005,75.0
102597,-702.0,84345,75.0
102631,-641.3,84441,75.0
102750,-501.4,84744,75.0
102930,-308.6,85095,75.0
103082,-150.3,85375,75.0
103038,-186.5,85325,75.0
102974,-240.5,85207,75.0
102989,-216.5,85245,75.0
103004,-193.4,85364,75.0
103087,-106.0,85548,75.0
103238,43.2,85806,75.0
103333,132.7,85979,75.0
103418,209.0,86140,75.0
103468,248.6,86273,75.0
103571,337.5,86446,77.7
103448,206.0,86164,77.7
102876,-351.4,84998,77.7
102541,-658.9,84343,77.7
102589,-586.5,84456,77.7
102731,-426.7,84788,77.7
102916,-232.0,85150,77.7
103040,-103.7,85387,77.7
103023,-115.9,85354,77.7
102916,-214.0,85203,77.7
102873,-246.7,85190,77.7
102882,-228.2,85283,77.7
102959,-145.1,85449,77.7
103081,-22.2,85663,77.7
103161,55.5,85841,77.7
103221,110.8,85970,77.7
103333,213.9,86171,77.7
103427,295.6,86349,77.7
103317,178.2,86093,77.7
102797,-328.1,85001,77.7
102509,-591.5,84397,77.7
102549,-529.4,84489,77.7
102737,-327.8,84856,77.7
102953,-107.3,85245,77.7
103116,53.5,85527,77.7
103122,57.1,85529,77.7
103066,1.0,85428,77.7
103050,-14.4,85413,77.7
103099,33.3,85518,77.7
103202,130.8,85715,77.7
103303,222.5,85919,77.7
103360,268.4,86058,77.7
103445,339.2,86218,71.6
103549,425.5,86408,71.6
103645,500.6,86575,71.6
103576,414.4,86404,71.6
103019,-136.9,85304,71.6
102664,-472.2,84586,71.6
102711,-408.2,84653,71.6
102920,-191.3,85029,71.6
103122,10.3,85418,71.6
103266,148.1,85676,71.6
103252,128.8,85660,71.6
103135,11.3,85474,71.6
103092,-30.4,85415,71.6
103175,50.5,85552,71.6
103222,93.6,85676,71.6
103275,140.7,85823,71.6
103333,190.8,85977,71.6
103426,272.4,86134,74.9
103553,383.4,86318,74.9
103634,445.9,86407,74.9
103185,-3.0,85581,74.9
102615,-550.1,84526,74.9
102508,-630.8,84334,74.9
102638,-480.8,84605,74.9
102848,-260.0,84971,74.9
103058,-48.0,85347,74.9
103091,-14.4,85422,74.9
103010,-91.5,85273,74.9
102977,-119.6,85206,74.9
102986,-106.1,85243,74.9
103065,-26.1,85398,74.9
103162,68.1,85611,74.9
103190,92.3,85718,74.9
103274,169.2,85875,74.9
103391,274.8,86091,74.9
103477,346.3,86203,76.6
103103,-26.5,85417,76.6
102612,-496.8,84398,76.6
102447,-635.4,84110,76.6
102561,-500.5,84366,76.6
102729,-319.2,84720,76.6
102918,-125.0,85062,76.6
102999,-42.2,85185,76.6
102965,-73.2,85098,76.6
102891,-141.3,84977,76.6
102923,-104.9,85049,76.6
103013,-14.3,85236,76.6
103075,45.8,85395,76.6
103183,147.6,85577,76.6
103317,270.3,85795,76.6
103415,353.6,85956,81.6
103546,465.2,86132,81.6
103294,204.7,85576,81.6
102691,-382.4,84402,81.6
102482,-567.7,83982,81.6
102556,-474.0,84176,81.6
102717,-300.5,84507,81.6
102899,-113.7,84846,81.6
102976,-35.2,84998,81.6
102914,-93.4,84896,81.6
102846,-154.9,84793,81.6
102838,-156.4,84826,81.6
102842,-146.3,84907,81.6
102930,-56.0,85096,81.6
102982,-3.8,85248,81.6
103010,23.2,85358,81.6
103051,61.6,85499,81.6
103085,91.8,85626,81.6
103048,52.6,85525,81.6
102544,-433.3,84493,81.6
102101,-841.3,83661,81.6
102063,-844.1,83609,81.6
102192,-686.5,83904,81.6
102296,-559.2,84184,81.6
102431,-407.2,84446,81.6
102457,-366.0,84490,81.6
102383,-422.4,84379,81.6
102323,-463.1,84335,81.6
102320,-447.4,84420,81.6
102393,-359.5,84606,81.6
102460,-280.8,84791,81.6
102527,-205.2,84934,81.6
102593,-133.6,85066,81.6
102720,-6.4,85263,81.6
102819,88.9,85433,81.6
102738,7.6,85216,81.6
102226,-484.2,84176,81.6
101938,-741.3,83575,81.6
101991,-660.8,83659,81.6
102215,-419.3,84038,81.6
102417,-208.6,84414,81.6
102574,-49.6,84697,81.6
102566,-55.3,84683,81.6
102497,-119.3,84567,81.6
102498,-113.6,84570,81.6
102572,-38.0,84713,81.6
102677,64.3,84920,81.6
102769,150.1,85113,81.6
102862,233.4,85285,81.6
102970,327.7,85462,81.6
103048,389.5,85601,71.3
103108,431.5,85733,71.3
103092,398.9,85716,71.3
102593,-96.1,84763,71.3
102139,-528.1,83850,71.3
102117,-528.1,83769,71.3
102261,-368.7,84060,71.3
102436,-186.0,84413,71.3
102609,-12.5,84732,71.3
102624,2.4,84769,71.3
102518,-99.4,84602,71.3
102479,-132.9,84528,71.3
102550,-59.4,84614,71.3
102661,49.5,84807,71.3
102738,121.5,84990,71.3
102825,200.1,85151,71.3
102960,321.7,85346,71.3
103077,421.2,85537,74.7
103196,518.6,85705,74.7
103090,396.1,85428,74.7
102526,-161.2,84325,74.7
102185,-482.1,83707,74.7
102244,-406.2,83827,74.7
102423,-218.1,84189,74.7
102624,-16.4,84555,74.7
102783,136.9,84801,74.7
102734,84.4,84724,74.7
102656,6.1,84593,74.7
102659,8.7,84626,74.7
102681,29.5,84740,74.7
102746,90.7,84900,74.7
102826,163.9,85088,74.7
102874,203.4,85241,74.7
102958,275.9,85397,74.7
103098,399.3,85631,77.4
103165,447.6,85737,77.4
102765,45.7,84952,77.4
102213,-486.0,83878,77.4
102061,-612.5,83614,77.4
102169,-484.3,83859,77.4
102344,-296.9,84210,77.4
102485,-149.7,84526,77.4
102514,-115.9,84606,77.4
102465,-158.3,84512,77.4
102421,-194.2,84442,77.4
102441,-167.2,84502,77.4
102518,-86.6,84665,77.4
102625,19.6,84880,77.4
102658,50.5,85007,77.4
102726,113.7,85159,77.4
102817,196.5,85338,77.4
102894,262.6,85475,77.4
102925,281.9,85488,77.4
102402,-231.5,84486,77.4
101922,-683.0,83563,77.4
101882,-694.1,83465,77.4
102027,-527.2,83749,77.4
102166,-372.6,84070,77.4
102306,-223.3,84362,77.4
102326,-195.2,84426,77.4
102265,-245.9,84332,77.4
102236,-263.9,84295,77.4
102262,-228.4,84385,77.4
102326,-157.9,84547,77.4
102445,-37.3,84759,77.4
102543,58.3,84958,77.4
102602,112.6,85082,77.4
102681,183.9,85235,77.4
102763,255.3,85397,77.4
102833,312.3,85498,77.4
102475,-43.9,84755,77.4
101961,-535.6,83754,77.4
101878,-593.8,83544,77.4
102069,-386.7,83856,77.4
102291,-158.1,84258,77.4
102440,-8.8,84563,77.4
102451,2.1,84631,77.4
102373,-72.8,84539,77.4
102312,-128.5,84479,77.4
102339,-97.4,84546,77.4
102438,1.5,84716,77.4
102530,89.8,84904,77.4
102631,183.1,85092,77.4
102737,277.6,85284,77.4
102823,349.0,85444,67.9
102908,416.7,85593,67.9
102994,482.6,85747,67.9
102799,276.1,85371,67.9
102224,-287.0,84250,67.9
101922,-565.4,83698,67.9
101971,-495.8,83802,67.9
102203,-253.2,84208,67.9
102420,-34.8,84587,67.9
102563,103.9,84807,67.9
102510,48.9,84725,67.9
102377,-80.8,84541,67.9
102333,-119.8,84529,67.9
102412,-39.1,84680,67.9
102562,106.4,84905,67.9
102727,260.6,85140,67.9
102776,297.2,85233,73.1
102788,296.8,85295,73.1
102774,271.5,85383,73.1
102737,225.1,85459,73.1
102454,-55.6,84991,73.1
101950,-537.2,83955,73.1
101820,-640.5,83551,73.1
102038,-405.6,83784,73.1
102280,-157.1,84191,73.1
102455,17.2,84546,73.1
102509,68.4,84689,73.1
102451,10.0,84609,73.1
102374,-64.3,84508,73.1
102341,-93.5,84506,73.1
102420,-13.9,84669,73.1
102506,69.2,84864,73.1
102588,145.2,85023,73.1
102701,247.9,85221,73.1
102783,316.7,85391,75.4
102868,385.6,85551,75.4
102877,378.8,85522,75.4
102388,-105.8,84553,75.4
101927,-544.1,83656,75.4
101890,-557.9,83583,75.4
102038,-393.5,83887,75.4
102187,-234.7,84216,75.4
102329,-89.0,84508,75.4
102329,-85.4,84542,75.4
102254,-154.0,84446,75.4
102212,-188.2,84406,75.4
102310,-86.5,84550,75.4
102417,19.6,84738,75.4
102492,90.8,84909,75.4
102562,154.4,85089,75.4
102605,189.5,85241,75.4
102644,219.4,85369,75.4
102736,298.9,85529,77.0
102529,88.2,85105,77.0
101954,-467.3,83960,77.0
101705,-687.6,83464,77.0
101775,-592.9,83605,77.0
101927,-423.3,83933,77.0
102060,-278.7,84255,77.0
102148,-183.1,84460,77.0
102152,-171.9,84458,77.0
102054,-259.1,84332,77.0
102025,-276.6,84312,77.0
102074,-218.5,84440,77.0
102140,-146.4,84631,77.0
102218,-65.6,84807,77.0
102305,20.5,84969,77.0
102397,108.0,85126,77.0
102462,166.1,85262,77.0
102568,261.2,85417,77.0
102286,-20.0,84852,77.0
101726,-556.8,83758,77.0
101541,-712.1,83395,77.0
101642,-586.7,83607,77.0
101821,-391.4,83958,77.0
102022,-182.7,84337,77.0
102141,-61.2,84540,77.0
102130,-69.3,84483,77.0
102125,-71.3,84441,77.0
102150,-44.5,84519,77.0
102221,25.5,84668,77.0
102313,112.8,84864,77.0
102444,234.0,85099,77.0
102532,309.1,85269,77.0
102650,410.0,85439,71.0
102771,509.8,85638,71.0
102813,529.7,85732,71.0
102589,293.5,85254,71.0
102068,-218.4,84196,71.0
101853,-416.1,83752,71.0
101996,-262.1,83983,71.0
102167,-87.5,84350,71.0
102345,86.9,84704,71.0
102453,187.1,84883,71.0
102412,140.3,84802,71.0
102316,42.5,84656,71.0
102327,51.3,84688,71.0
102383,103.0,84838,71.0
102496,207.4,85024,71.0
102621,319.1,85225,76.8
102670,353.4,85310,76.8
102712,379.6,85436,76.8
102715,367.3,85546,76.8
102695,333.4,85519,76.8
102333,-27.5,84706,76.8
101900,-442.1,83801,76.8
101853,-469.5,83661,76.8
101957,-350.9,83927,76.8
102043,-254.3,84204,76.8
102208,-85.7,84544,76.8
102228,-63.1,84601,76.8
102132,-152.7,84420,76.8
102120,-158.1,84381,76.8
102112,-159.5,84449,76.8
102139,-127.2,84588,76.8
102162,-100.0,84728,76.8
102267,4.8,84907,76.8
102378,111.1,85104,76.8
102488,212.3,85291,76.8
102596,307.5,85410,76.4
102229,-57.1,84669,76.4
101655,-605.9,83583,76.4
101479,-750.6,83289,76.4
101553,-649.5,83480,76.4
101682,-499.7,83777,76.4
101820,-347.3,84087,76.4
101849,-305.5,84181,76.4
101787,-352.8,84084,76.4
101768,-357.0,84033,76.4
101819,-293.7,84131,76.4
101881,-222.4,84284,76.4
101912,-183.8,84416,76.4
102040,-53.6,84632,76.4
102149,53.2,84810,76.4
102259,156.7,84983,76.4
102343,231.1,85119,76.4
102079,-31.6,84583,76.4
101508,-578.5,83480,76.4
101309,-746.4,83081,76.4
101440,-590.8,83304,76.4
101588,-425.1,83618,76.4
101720,-281.4,83896,76.4
101774,-218.3,84026,76.4
101691,-289.2,83939,76.4
101572,-391.9,83801,76.4
101574,-374.3,83854,76.4
101596,-338.2,83963,76.4
101661,-262.3,84112,76.4
101785,-132.7,84304,76.4
101873,-43.0,84455,76.4
101945,27.9,84574,76.4
102042,119.9,84745,76.4
101890,-30.8,84492,76.4
101321,-575.8,83412,76.4
100999,-861.9,82791,76.4
100982,-843.8,82794,76.4
101111,-686.2,83072,76.4
101312,-465.8,83448,76.4
101456,-308.9,83707,76.4
101518,-237.0,83738,76.4
101528,-217.9,83685,76.4
101559,-179.5,83720,76.4
101625,-108.9,83850,76.4
101718,-15.3,84032,76.4
101814,77.5,84207,76.4
101897,154.1,84358,76.4
101975,222.8,84532,76.4
102054,289.7,84689,76.4
102194,412.5,84832,67.3
102008,217.5,84312,67.3
101508,-271.2,83302,67.3
101359,-403.4,82983,67.3
101495,-256.7,83231,67.3
101603,-142.8,83490,67.3
101771,24.2,83805,67.3
101799,50.1,83902,67.3
101705,-42.1,83754,67.3
101676,-68.3,83686,67.3
101692,-50.2,83740,67.3
101802,57.4,83905,67.3
101927,175.1,84124,67.3
102015,252.6,84286,67.3
102067,292.4,84362,67.3
102176,385.4,84524,73.9
102238,429.5,84673,73.9
101993,177.1,84228,73.9
101540,-264.9,83255,73.9
101336,-450.1,82821,73.9
101418,-353.4,82960,73.9
101589,-175.1,83320,73.9
101753,-10.6,83680,73.9
101863,95.4,83834,73.9
101884,111.7,83782,73.9
101843,67.9,83691,73.9
101842,64.2,83729,73.9
101927,143.2,83905,73.9
102054,259.4,84127,73.9
102117,309.5,84256,73.9
102181,358.6,84383,79.4
102206,368.2,84501,79.4
102287,431.3,84679,79.4
102237,366.0,84525,79.4
101721,-144.0,83489,79.4
101395,-451.2,82817,79.4
101469,-362.1,82896,79.4
101639,-184.4,83210,79.4
101746,-74.3,83474,79.4
101849,27.5,83703,79.4
101848,25.5,83735,79.4
101787,-34.1,83639,79.4
101781,-38.5,83629,79.4
101854,33.1,83776,79.4
101923,98.0,83947,79.4
101982,150.8,84104,79.4
102056,215.8,84267,79.4
102123,271.4,84402,79.4
102256,388.3,84601,80.1
102331,444.7,84732,80.1
102110,214.8,84283,80.1
101496,-383.2,83179,80.1
101211,-641.5,82711,80.1
101263,-565.9,82858,80.1
101413,-399.3,83176,80.1
101566,-236.5,83494,80.1
101670,-127.2,83692,80.1
101661,-130.7,83675,80.1
101654,-132.2,83644,80.1
101707,-76.0,83738,80.1
101797,13.4,83921,80.1
101932,142.5,84150,80.1
102076,275.0,84386,80.1
102222,404.2,84618,84.4
102325,486.9,84820,84.4
102422,560.5,85009,84.4
102523,635.1,85192,84.4
102544,629.8,85239,84.4
102164,239.8,84506,84.4
101744,-173.0,83672,84.4
101731,-178.5,83583,84.4
101929,18.7,83897,84.4
102158,237.8,84275,84.4
102325,388.6,84599,97.5
102407,451.8,84763,97.5
102427,452.9,84783,97.5
102420,428.1,84755,97.5
102496,483.9,84860,97.5
102571,536.5,85048,97.5
102640,581.3,85257,97.5
102756,669.4,85490,97.5
102925,804.9,85728,97.5
103065,907.1,85915,97.5
103174,975.5,86078,97.5
103263,1021.9,86271,97.5
103211,931.1,86227,97.5
102771,471.4,85365,97.5
102413,108.9,84639,97.5
102385,77.7,84594,97.5
102510,194.6,84881,97.5
102665,335.6,85212,97.5
102775,427.8,85472,97.5
102804,438.5,85544,97.5
102791,408.5,85505,97.5
102786,387.3,85510,97.5
102860,442.9,85641,97.5
102998,557.6,85860,91.1
103070,604.5,86043,91.1
103110,618.7,86185,91.1
103164,645.8,86337,91.1
103239,691.9,86506,91.1
103321,743.0,86669,91.1
103460,846.7,86874,91.1
103436,789.8,86771,91.1
102970,310.8,85860,91.1
102632,-26.1,85178,91.1
102609,-47.1,85175,91.1
102739,79.6,85441,91.1
102926,255.9,85785,91.1
103048,362.8,86046,91.1
103054,354.0,86089,91.1
103026,313.0,86048,91.1
103016,290.9,86060,91.1
103044,306.1,86149,91.1
103122,368.8,86325,91.1
103175,404.9,86482,91.1
103250,460.7,86653,87.9
103330,519.1,86830,87.9
103362,529.0,86933,87.9
103407,551.1,87039,87.9
103477,596.2,87177,87.9
103542,634.8,87289,87.9
103326,402.0,86761,87.9
102896,-26.8,85856,87.9
102724,-190.9,85502,87.9
102797,-113.2,85659,87.9
102907,-3.1,85941,87.9
103031,116.1,86211,87.9
103168,243.0,86415,87.9
103184,248.6,86447,87.9
103115,172.4,86366,87.9
103112,162.7,86392,87.9
103170,211.8,86526,87.9
103237,267.7,86677,87.9
103345,360.6,86869,87.9
103445,442.2,87063,86.3
103504,481.2,87200,86.3
103584,538.7,87343,86.3
103648,578.6,87480,86.3
103721,625.6,87627,86.3
103687,567.9,87557,86.3
103339,211.1,86809,86.3
102982,-140.1,86054,86.3
102965,-150.8,85953,86.3
103069,-44.9,86169,86.3
103211,93.2,86465,86.3
103352,224.8,86756,86.3
103367,230.2,86836,86.3
103312,168.2,86742,86.3
103276,126.9,86691,86.3
103235,82.5,86706,86.3
103250,93.6,86798,86.3
103344,180.1,86976,86.3
103398,224.7,87116,86.3
103459,274.3,87235,86.3
103556,356.5,87368,86.3
103645,427.6,87508,83.3
103747,508.4,87678,83.3
103744,485.2,87622,83.3
103427,161.5,86889,83.3
103100,-158.9,86189,83.3
103014,-235.1,86034,83.3
103085,-157.5,86244,83.3
103215,-26.4,86564,83.3
103376,129.2,86869,83.3
103473,217.1,86991,83.3
103460,196.0,86927,83.3
103407,137.3,86848,83.3
103395,120.3,86894,83.3
103427,146.2,87031,83.3
103484,195.0,87194,83.3
103557,257.3,87345,83.3
103636,322.9,87476,83.3
103692,363.7,87585,84.3
103762,416.4,87737,84.3
103803,439.1,87842,84.3
103628,253.5,87492,84.3
103145,-220.3,86533,84.3
102813,-530.2,85920,84.3
102824,-498.5,85952,84.3
102989,-320.1,86256,84.3
103150,-152.8,86566,84.3
103240,-60.2,86763,84.3
103239,-58.8,86783,84.3
103202,-92.0,86736,84.3
103140,-147.8,86692,84.3
103226,-59.3,86800,84.3
103351,63.0,87003,84.3
103438,144.0,87174,84.3
103496,193.9,87316,84.3
103562,249.6,87461,84.3
103588,264.5,87566,84.3
103627,291.4,87679,84.3
103682,332.5,87775,82.6
103453,99.4,87231,82.6
103024,-316.4,86294,82.6
102845,-475.6,85910,82.6
102917,-387.5,86052,82.6
103073,-222.2,86383,82.6
103222,-70.3,86707,82.6
103317,23.7,86881,82.6
103353,57.3,86893,82.6
103298,2.2,86801,82.6
103270,-24.7,86788,82.6
103286,-8.4,86877,82.6
103346,49.6,87036,82.6
103407,106.1,87194,82.6
103474,166.2,87333,82.6
103580,261.3,87510,82.6
103656,323.8,87647,84.9
103733,384.8,87783,84.9
103803,436.6,87865,84.9
103515,142.7,87233,84.9
103055,-304.6,86269,84.9
102879,-461.4,85920,84.9
102978,-347.9,86115,84.9
103168,-151.6,86469,84.9
103320,0.4,86790,84.9
103417,93.5,86951,84.9
103391,64.8,86909,84.9
103298,-27.1,86782,84.9
103266,-56.7,86767,84.9
103345,21.4,86891,84.9
103452,123.3,87068,84.9
103538,200.9,87247,84.9
103619,270.6,87407,86.6
103699,336.6,87568,86.6
103784,404.7,87712,86.6
103922,521.0,87913,86.6
103965,541.5,87976,86.6
103654,221.2,87331,86.6
103173,-249.4,86343,86.6
102995,-410.3,85980,86.6
103136,-258.5,86195,86.6
103318,-73.4,86550,86.6
103449,55.3,86854,86.6
103502,103.9,86993,86.6
103450,49.8,86915,86.6
103378,-21.3,86781,86.6
103396,-3.1,86785,86.6
103476,73.8,86925,86.6
103508,101.5,87018,86.6
103580,166.6,87160,86.6
103589,168.6,87258,86.6
103594,166.6,87342,86.6
103653,216.6,87478,86.6
103758,308.7,87642,83.8
103661,203.3,87335,83.8
103186,-260.9,86307,83.8
102896,-528.8,85717,83.8
102884,-519.2,85766,83.8
103022,-365.9,86097,83.8
103195,-185.2,86463,83.8
103300,-77.0,86657,83.8
103294,-79.7,86629,83.8
103212,-155.2,86505,83.8
103181,-178.8,86473,83.8
103242,-113.1,86590,83.8
103327,-26.9,86765,83.8
103404,48.1,86929,83.8
103462,101.8,87051,83.8
103545,177.4,87208,83.8
103602,225.0,87336,83.8
103730,338.9,87521,84.7
103558,160.2,87120,84.7
103005,-377.0,85994,84.7
102739,-617.3,85443,84.7
102810,-524.5,85570,84.7
102992,-328.8,85915,84.7
103171,-143.8,86273,84.7
103233,-78.5,86446,84.7
103191,-115.7,86394,84.7
103115,-184.0,86284,84.7
103060,-229.5,86243,84.7
103073,-207.8,86303,84.7
103123,-151.5,86445,84.7
103129,-139.7,86561,84.7
103144,-119.7,86667,84.7
103205,-56.3,86807,84.7
103271,9.3,86943,84.7
103361,95.3,87078,84.7
103136,-124.5,86608,84.7
102566,-666.7,85451,84.7
102319,-877.2,84955,84.7
102378,-785.5,85106,84.7
102511,-626.4,85419,84.7
102680,-439.1,85778,84.7
102722,-381.2,85946,84.7
102698,-389.0,85918,84.7
102638,-431.0,85834,84.7
102649,-403.2,85854,84.7
102753,-287.2,85994,84.7
102852,-180.7,86177,84.7
102890,-137.0,86331,84.7
102949,-74.9,86516,84.7
103041,16.4,86702,84.7
103138,108.9,86865,84.7
103252,214.0,87042,84.7
103154,111.3,86794,84.7
102626,-400.0,85704,84.7
102351,-648.0,85084,84.7
102445,-531.8,85217,84.7
102641,-322.4,85584,84.7
102805,-152.1,85940,84.7
102877,-76.9,86147,84.7
102793,-154.4,86070,84.7
102679,-257.7,85930,84.7
102645,-280.0,85918,84.7
102693,-222.8,86006,84.7
102828,-84.2,86209,84.7
102892,-19.4,86338,84.7
102983,68.7,86502,84.7
103065,144.7,86661,84.7
103134,205.1,86795,84.7
103259,316.9,86935,84.7
102934,-7.7,86288,84.7
102384,-535.4,85218,84.7
102213,-678.2,84888,84.7
102289,-578.1,85112,84.7
102445,-405.2,85501,84.7
102617,-223.9,85857,84.7
102774,-64.2,86041,84.7
102791,-45.3,85974,84.7
102727,-104.9,85838,84.7
102717,-110.3,85884,84.7
102740,-83.8,86020,84.7
102800,-22.9,86171,84.7
102887,61.5,86336,84.7
102957,126.3,86481,84.7
103019,180.8,86613,84.7
103116,266.6,86804,84.7
102977,122.5,86533,84.7
102438,-399.8,85404,84.7
102132,-677.6,84771,84.7
102148,-635.1,84816,84.7
102338,-427.3,85166,84.7
102541,-215.3,85553,84.7
102620,-130.9,85766,84.7
102574,-169.8,85736,84.7
102452,-280.1,85594,0.0
102416,-303.5,85561,0.0
102478,-231.8,85682,0.0
102550,-153.4,85839,0.0
102626,-74.3,86009,0.0
102716,15.0,86195,0.0
102772,68.2,86333,0.0
102831,122.1,86466,0.0
102936,218.0,86621,0.0
102761,41.3,86177,0.0
102198,-500.8,85014,0.0
101916,-751.5,84478,0.0
101968,-671.5,84645,0.0
102102,-516.0,84988,0.0
102240,-362.9,85316,0.0
102286,-304.2,85444,0.0
102166,-407.3,85296,0.0
101979,-570.5,85062,0.0
101930,-594.7,85050,0.0
101957,-545.0,85154,0.0
102077,-408.0,85349,0.0
102165,-307.2,85531,0.0
102234,-228.7,85692,0.0
102343,-114.9,85873,0.0
102446,-11.4,86057,0.0
102570,108.1,86216,0.0
102379,-79.6,85733,0.0
101831,-602.5,84630,0.0
101646,-756.0,84232,0.0
101799,-578.9,84496,0.0
101950,-410.8,84842,0.0
102138,-213.8,85197,0.0
102216,-130.4,85385,0.0
102191,-149.2,85338,0.0
102135,-197.0,85235,0.0
102078,-243.8,85206,0.0
102128,-186.1,85334,0.0
102204,-105.7,85517,0.0
102290,-18.9,85681,0.0
102347,36.6,85811,0.0
102437,121.5,85985,0.0
102492,169.5,86112,0.0
102589,255.8,86256,0.0
102409,72.8,85851,0.0
101855,-462.0,84736,0.0
101649,-641.2,84274,0.0
101762,-507.1,84465,0.0
101920,-335.1,84791,0.0
102067,-180.6,85128,0.0
102137,-106.2,85315,0.0
102088,-149.0,85225,0.0
102028,-200.6,85089,0.0
102038,-183.0,85107,0.0
102053,-161.3,85204,0.0
102079,-129.9,85343,0.0
102133,-72.8,85492,0.0
102216,9.8,85658,0.0
102339,127.4,85836,0.0
102468,246.2,86015,0.0
102514,280.5,86067,0.0
102070,-157.0,85219,0.0
101537,-662.4,84227,0.0
101400,-767.4,84021,0.0
101502,-638.8,84245,0.0
101710,-413.5,84614,0.0
101866,-247.2,84956,0.0
101865,-238.3,85028,0.0
101818,-273.9,84923,0.0
101796,-284.1,84862,0.0
101806,-263.1,84890,0.0
101876,-185.4,85025,0.0
101980,-78.1,85230,0.0
102021,-35.6,85373,0.0
102074,16.7,85506,0.0
102171,109.1,85678,0.0
102254,184.4,85831,0.0
102275,197.2,85822,0.0
101817,-250.3,84859,0.0
101369,-670.4,83943,0.0
101274,-734.8,83777,0.0
101381,-602.7,84042,0.0
101520,-445.1,84378,0.0
101622,-329.4,84665,0.0
101616,-322.0,84712,0.0
101546,-376.3,84608,0.0
101483,-421.7,84519,0.0
101489,-399.1,84558,0.0
101563,-312.1,84717,0.0
101571,-291.9,84840,0.0
101637,-216.9,84998,0.0
101720,-128.5,85177,0.0
101793,-53.3,85314,0.0
101894,45.8,85466,0.0
101915,64.1,85507,0.0
101437,-397.3,84599,0.0
100947,-851.8,83609,0.0
100847,-913.8,83415,0.0
100972,-757.2,83671,0.0
101133,-572.4,84009,0.0
101258,-429.5,84292,0.0
101309,-363.3,84393,0.0
101270,-386.2,84308,0.0
101243,-396.7,84236,0.0
101264,-360.7,84284,0.0
101364,-250.3,84445,0.0
101449,-158.6,84614,0.0
101545,-60.1,84783,0.0
101606,0.8,84929,0.0
101655,47.8,85037,0.0
101694,83.4,85168,0.0
101638,26.3,85176,0.0
100976,-610.3,84174,0.0
100306,-1229.1,82982,0.0
100161,-1319.1,82691,0.0
100187,-1241.4,82845,0.0
99141,-2195.9,82203,0.0
88059,-12746.8,71848,0.0
76161,-23659.0,55351,0.0
49342,-48458.9,33823,0.0
16788,-77772.4,11330,0.0
7008,-84050.3,4682,0.0
4808,-82800.2,3189,0.0
2336,-81861.4,1609,0.0
1426,-79460.5,1040,0.0
1055,-76638.2,798,0.0
951,-73672.6,667,0.0
941,-70735.2,628,0.0
938,-67908.7,622,0.0
939,-65191.4,618,0.0
937,-62585.7,613,0.0
939,-60080.3,611,0.0
934,-57681.9,609,0.0
932,-55376.6,610,0.0
932,-53161.5,607,0.0
931,-51036.0,605,0.0
930,-48995.5,606,0.0
929,-47036.6,603,0.0
927,-45157.1,601,0.0
927,-43350.8,604,0.0
927,-41616.8,599,0.0
926,-39953.1,602,0.0
928,-38353.0,601,0.0
926,-36820.8,601,0.0
925,-35348.9,601,0.0
923,-33936.9,601,0.0
924,-32578.5,601,0.0
927,-31272.4,605,0.0
928,-30020.6,601,0.0
926,-28821.7,602,0.0
926,-27668.8,604,0.0
925,-26563.0,604,0.0
925,-25500.5,603,0.0
924,-24481.4,601,0.0
922,-23504.1,602,0.0
924,-22562.0,602,0.0
929,-21654.7,604,0.0
928,-20789.5,604,0.0
928,-19957.9,604,0.0
929,-19158.7,604,0.0
928,-18393.3,603,0.0
929,-17656.6,605,0.0
932,-16947.4,605,0.0
926,-16275.3,600,0.0
926,-15624.3,599,0.0
932,-14993.6,606,0.0
930,-14395.7,608,0.0
927,-13822.8,598,0.0
927,-13269.9,598,0.0
926,-12740.0,597,0.0
924,-12232.4,594,0.0
923,-11744.0,597,0.0
923,-11274.3,600,0.0
918,-10828.1,619,0.0
922,-10391.1,653,0.0
941,-9957.2,683,0.0
962,-9538.8,673,0.0
956,-9163.0,655,0.0
940,-8811.8,637,0.0
927,-8471.8,615,0.0
918,-8141.6,601,0.0
917,-7816.9,593,0.0
915,-7506.1,593,0.0
916,-7204.9,590,0.0
913,-6919.6,588,0.0
913,-6642.8,588,0.0
912,-6378.1,588,0.0
912,-6123.0,586,0.0
913,-5877.1,586,0.0
911,-5643.9,584,0.0
910,-5419.1,585,0.0
909,-5203.3,586,0.0
909,-4995.2,586,0.0
907,-4797.3,584,0.0
908,-4604.4,584,0.0
906,-4422.2,582,0.0
908,-4243.4,582,0.0
907,-4074.6,580,0.0
908,-3910.7,582,0.0
905,-3757.1,584,0.0
907,-3604.9,582,0.0
906,-3461.7,583,0.0
907,-3322.2,590,0.0
915,-3181.7,603,0.0
931,-3039.0,638,0.0
1946,-1943.1,2923,0.0
1670,-2130.3,2635,0.0
1156,-2538.6,1608,0.0
1450,-2154.8,2171,0.0
1626,-1899.6,2542,0.0
1444,-1998.4,2199,0.0
1573,-1794.6,2431,0.0
1624,-1673.8,2517,0.0
1601,-1629.0,2485,0.0
1651,-1515.8,2564,0.0
1719,-1389.9,2683,0.0
1759,-1295.9,2755,0.0
1778,-1225.8,2788,0.0
1807,-1148.9,2838,0.0
1868,-1044.4,2939,0.0
1924,-948.9,3031,0.0
1976,-861.0,3118,0.0
2018,-786.3,3181,0.0
2084,-691.4,3293,0.0
2119,-630.2,3349,0.0
2155,-570.4,3409,0.0
2200,-504.4,3481,0.0
2256,-430.5,3571,0.0
